17
12
-0.001	-0.001	-0.001	-0.001	-0.001	-0.001	-0.001	-0.001	-0.001	-0.001	-0.001	-0.001	-0.001	-0.001	-0.001	-0.001	-0.001
-0.001	-0.001	-0.001	-0.001	-0.001	-0.001	-0.001	-0.001	-0.001	-0.001	-0.001	-0.001	-0.001	-0.001	-0.001	-0.001	-0.001
-0.001	-0.001	-0.001	-0.001	-0.001	-0.001	-0.001	-0.001	-0.001	-0.001	-0.001	-0.001	-0.001	-0.001	-0.001	-0.001	-0.001
-0.001	-0.001	-0.001	-0.001	-0.001	-0.001	-0.001	-0.001	-0.001	-0.001	-0.001	-0.001	-0.001	-0.001	-0.001	-0.001	-0.001
-0.001	-0.001	-0.001	-0.001	-0.001	-0.001	-0.001	-0.001	-0.001	-0.001	-0.001	-0.001	-0.001	-0.001	-0.001	-0.001	-0.001
-0.001	-0.001	-0.001	-0.001	-0.001	-0.001	-0.001	-0.001	-0.001	-0.001	-0.001	-0.001	-0.001	-0.001	-0.001	-0.001	-0.001
-0.001	-0.001	-0.001	-0.001	-0.001	-0.001	-0.001	-0.001	-0.001	-0.001	-0.001	-0.001	-0.001	-0.001	-0.001	-0.001	-0.001
-0.001	-0.001	-0.001	-0.001	-0.001	-0.001	-0.001	-0.001	-0.001	-0.001	-0.001	-0.001	-0.001	-0.001	-0.001	-0.001	-0.001
-0.001	-0.001	-0.001	-0.001	-0.001	-0.001	-0.001	-0.001	-0.001	-0.001	-0.001	-0.001	-0.001	-0.001	-0.001	-0.001	-0.001
-0.001	-0.001	-0.001	-0.001	-0.001	-0.001	1.0	-0.001	-0.001	-0.001	-0.001	-0.001	-0.001	-0.001	-0.001	-0.001	-0.001
-0.001	-0.001	-0.001	-0.001	-1.0	-0.001	-0.001	-0.001	-0.001	-0.001	-0.001	-0.001	-0.001	-0.001	-0.001	-0.001	-0.001
-0.001	-0.001	-0.001	-0.001	-0.001	-0.001	-0.001	-0.001	-0.001	-0.001	-0.001	-0.001	-0.001	-0.001	-0.001	-0.001	-0.001
-0.001	-0.001	-0.001	-0.001	-0.001	-0.001	-0.001	-0.001	-0.001	-0.001	-0.001	-0.001	-0.001	-0.001	-0.001	-0.001	-0.001
-0.001	-0.001	-0.001	-0.001	-0.001	-0.001	-0.001	-0.001	-0.001	-0.001	-0.001	-0.001	-0.001	-0.001	-0.001	-0.001	-0.001
-0.001	-0.001	-0.001	-0.001	-0.001	-0.001	-0.001	-0.001	-0.001	-0.001	-0.001	-0.001	-0.001	-0.001	-0.001	-0.001	-0.001
-0.001	-0.001	-0.001	-0.001	-0.001	-0.001	-0.001	-0.001	-0.001	-0.001	-0.001	-0.001	-0.001	-0.001	-0.001	-0.001	-0.001
-0.001	-0.001	-0.001	-0.001	-0.001	-0.001	-0.001	-0.001	-0.001	-0.001	-0.001	-0.001	-0.001	-0.001	-0.001	-0.001	-0.001
-0.001	-0.001	-0.001	-0.001	-0.001	-0.001	-0.001	-0.001	-0.001	-0.001	-0.001	-0.001	-0.001	-0.001	-0.001	-0.001	-0.001
-0.001	-0.001	-0.001	-0.001	-0.001	-0.001	-0.001	-0.001	-0.001	-0.001	-0.001	-0.001	-0.001	-0.001	-0.001	-0.001	-0.001
-0.001	-0.001	-0.001	-0.001	-0.001	-0.001	-0.001	-0.001	-0.001	-0.001	-0.001	-0.001	-0.001	-0.001	-0.001	-0.001	-0.001
-0.001	-0.001	-0.001	-0.001	-0.001	-0.001	-0.001	-0.001	-0.001	-0.001	-0.001	-0.001	-0.001	-0.001	-0.001	-0.001	-0.001
-0.001	-0.001	-0.001	-0.001	-0.001	-0.001	-0.001	-0.001	-0.001	-0.001	-0.001	-0.001	-0.001	-0.001	-0.001	-0.001	-0.001
-0.001	-0.001	-0.001	-0.001	-0.001	-0.001	-0.001	-0.001	-0.001	-0.001	-0.001	-0.001	-0.001	-0.001	-0.001	-0.001	-0.001
-0.001	-0.001	-0.001	-0.001	-0.001	-0.001	-0.001	-0.001	-0.001	-0.001	-0.001	-0.001	-0.001	-0.001	-0.001	-0.001	-0.001
-0.001	-0.001	-0.001	-0.001	-0.001	-0.001	-0.001	-0.001	-0.001	-0.001	-0.001	-0.001	-0.001	-0.001	-0.001	-0.001	-0.001
-0.001	-0.001	-0.001	-0.001	-0.001	-0.001	-0.001	-0.001	-0.001	-0.001	-0.001	-0.001	-0.001	-0.001	-0.001	-0.001	-0.001
-0.001	-0.001	-0.001	-0.001	-0.001	-0.001	-0.001	-0.001	-0.001	-0.001	-0.001	-0.001	-0.001	-0.001	-0.001	-0.001	-0.001
-0.001	-0.001	-0.001	-0.001	-0.001	-0.001	-0.001	-0.001	-0.001	-0.001	-0.001	-0.001	-0.001	-0.001	-0.001	-0.001	-0.001
-0.001	-0.001	-0.001	-0.001	-0.001	-0.001	-0.001	-0.001	-0.001	-0.001	-0.001	-0.001	-0.001	-0.001	-0.001	-0.001	-0.001
-0.001	-0.001	-0.001	-0.001	-0.001	-0.001	-0.001	-0.001	-0.001	-0.001	-0.001	-0.001	-0.001	-0.001	-0.001	-0.001	-0.001
-0.001	-0.001	-0.001	-0.001	-0.001	-0.001	-0.001	-0.001	-0.001	-0.001	-0.001	-0.001	-0.001	-0.001	-0.001	-0.001	-0.001
-0.001	-0.001	-0.001	-0.001	-0.001	-0.001	-0.001	-0.001	-0.001	-0.001	-0.001	-0.001	-0.001	-0.001	-0.001	-0.001	-0.001
-0.001	-0.001	-0.001	-0.001	-0.001	-0.001	-0.001	-0.001	-0.001	-0.001	-0.001	-0.001	-0.001	-0.001	-0.001	-0.001	-0.001
-0.001	-0.001	-0.001	-0.001	-0.001	-0.001	-0.001	-0.001	-0.001	-0.001	-0.001	-0.001	-0.001	-0.001	-0.001	-0.001	-0.001
-0.001	-0.001	-0.001	-0.001	-0.001	-0.001	-0.001	-0.001	-0.001	-0.001	-0.001	-0.001	-0.001	-0.001	-0.001	-0.001	-0.001
-0.001	-0.001	-0.001	-0.001	-0.001	-0.001	-0.001	-0.001	-0.001	-0.001	-0.001	-0.001	-0.001	-0.001	-0.001	-0.001	-0.001
-0.001	-0.001	-0.001	-0.001	-0.001	-0.001	-0.001	-0.001	-0.001	-0.001	-0.001	-0.001	-0.001	-0.001	-0.001	-0.001	-0.001
-0.001	-0.001	-0.001	-0.001	-0.001	-0.001	-0.001	-0.001	-0.001	-0.001	-0.001	-0.001	-0.001	-0.001	-0.001	-0.001	-0.001
-0.001	-0.001	-0.001	-0.001	-0.001	-0.001	-0.001	-0.001	-0.001	-0.001	-0.001	-0.001	-0.001	-0.001	-0.001	-0.001	-0.001
-0.001	-0.001	-0.001	-0.001	-0.001	-0.001	-0.001	-0.001	-0.001	-0.001	-0.001	-0.001	-0.001	-0.001	-0.001	-0.001	-0.001
-0.001	-0.001	-0.001	-0.001	-0.001	-0.001	-0.001	-0.001	-0.001	-0.001	-0.001	-0.001	-0.001	-0.001	-0.001	-0.001	-0.001
-0.001	-0.001	-0.001	-0.001	-0.001	-0.001	-0.001	-0.001	-0.001	-0.001	-0.001	-0.001	-0.001	-0.001	-0.001	-0.001	-0.001
-0.001	-0.001	-0.001	-0.001	-0.001	-0.001	-0.001	-0.001	-0.001	-0.001	-0.001	-0.001	-0.001	-0.001	-0.001	-0.001	-0.001
-0.001	-0.001	-0.001	-0.001	-0.001	-0.001	-0.001	-0.001	0.6	-0.001	-0.001	-0.001	-0.001	-0.001	-0.001	-0.001	-0.001
-0.001	-0.001	-0.001	-0.001	-0.001	-0.001	-0.001	-0.001	-0.001	-0.001	-0.001	-0.001	-0.001	-0.001	-0.001	-0.001	-0.001
-0.001	-0.001	-0.001	-0.001	-0.001	-0.001	-0.001	-0.001	-0.001	-0.001	-0.001	-0.001	-0.001	-0.001	-0.001	-0.001	-0.001
-0.001	-0.001	-0.001	-0.001	-0.001	-0.001	-0.001	-0.001	-0.001	-0.001	-0.001	-0.001	-0.001	-0.001	-0.001	-0.001	-0.001
-0.001	-0.001	-0.001	-0.001	-0.001	-0.001	-0.001	-0.001	-0.001	-0.001	-0.001	-0.001	-0.001	-0.001	-0.001	-0.001	-0.001
-0.001	-0.001	-0.001	-0.001	-0.001	-0.001	-0.001	-0.001	-0.001	-0.001	-0.001	-0.001	-0.001	-0.001	-0.001	-0.001	-0.001
-0.001	-0.001	-0.001	-0.001	-0.001	-0.001	-0.001	-0.001	-0.001	-0.001	-0.001	-0.001	-0.001	-0.001	-0.001	-0.001	-0.001
-0.001	-0.001	-0.001	-0.001	-0.001	-0.001	-0.001	-0.001	-0.001	-0.001	-0.001	-0.001	-0.001	-0.001	-0.001	-0.001	-0.001
-0.001	-0.001	-0.001	-0.001	-0.001	-0.001	-0.001	-0.001	-0.001	-0.001	-0.001	-0.001	-0.001	-0.001	-0.001	-0.001	-0.001
-0.001	-0.001	-0.001	-0.001	-0.001	-0.001	-0.001	-0.001	-0.001	-0.001	-0.001	-0.001	-0.001	-0.001	-0.001	-0.001	-0.001
-0.001	-0.001	-0.001	-0.001	-0.001	-0.001	-0.001	-0.001	-0.001	-0.001	-0.001	-0.001	-0.001	-0.001	-0.001	-0.001	-0.001
-0.001	-0.001	-0.001	-0.001	-0.001	-0.001	-0.001	-0.001	-0.001	-0.001	-0.001	-0.001	-0.001	-0.001	-0.001	-0.001	-0.001
-0.001	-0.001	-0.001	-0.001	-0.001	-0.001	-0.001	-0.001	-0.001	-0.001	-0.001	-0.001	-0.001	-0.001	-0.001	-0.001	-0.001
-0.001	-0.001	-0.001	-0.001	-0.001	-0.001	-0.001	-0.001	-0.001	-0.001	-0.001	-0.001	-0.001	-0.001	-0.001	-0.001	-0.001
-0.001	-0.001	-0.001	-0.001	-0.001	-0.001	-0.001	-0.001	-0.001	-0.001	-0.001	-0.001	-0.001	-0.001	-0.001	-0.001	-0.001
-0.001	-0.001	-0.001	-0.001	-0.001	-0.001	-0.001	-0.001	-0.001	-0.001	-0.001	-0.001	-0.001	-0.001	-0.001	-0.001	-0.001
-0.001	-0.001	-0.001	-0.001	-0.001	-0.001	-0.001	-0.001	-0.001	-0.001	-0.001	-0.001	-0.001	-0.001	-0.001	-0.001	-0.001
-0.001	-0.001	-0.001	-0.001	-0.001	-0.001	-0.001	-0.001	-0.001	-0.001	-0.001	-0.001	-0.001	-0.001	-0.001	-0.001	-0.001
-0.001	-0.001	-0.001	-0.001	-0.001	-0.001	-0.001	-0.001	-0.001	-0.001	-0.001	-0.001	-0.001	-0.001	-0.001	-0.001	-0.001
-0.001	-0.001	-0.001	-0.001	-0.001	-0.001	-0.001	-0.001	-0.001	-0.001	-0.001	-0.001	-0.001	-0.001	-0.001	-0.001	-0.001
-0.001	-0.001	-0.001	-0.001	-0.001	-0.001	-0.001	-0.001	-0.001	-0.001	-0.001	-0.001	-0.001	-0.001	-0.001	-0.001	-0.001
-0.001	-0.001	-0.001	-0.001	-0.001	-0.001	-0.001	-0.001	-0.001	-0.001	-0.001	-0.001	-0.001	-0.001	-0.001	-0.001	-0.001
-0.001	-0.001	-0.001	-0.001	-0.001	-0.001	-0.001	-0.001	-0.001	-0.001	-0.001	-0.001	-0.001	-0.001	-0.001	-0.001	-0.001
-0.001	-0.001	-0.001	-0.001	-0.001	-0.001	-0.001	-0.001	-0.001	-0.001	-0.001	-0.001	-0.001	-0.001	-0.001	-0.001	-0.001
-0.001	-0.001	-0.001	-0.001	-0.001	-0.001	-0.001	-0.001	-0.001	-0.001	-0.001	-0.001	-0.001	-0.001	-0.001	-0.001	-0.001
-0.001	-0.001	-0.001	-0.001	-0.001	-0.001	-0.001	-0.001	-0.001	-0.001	-0.001	-0.001	-0.001	-0.001	-0.001	-0.001	-0.001
-0.001	-0.001	-0.001	-0.001	-0.001	-0.001	-0.001	-0.001	-0.001	-0.001	-0.001	-0.001	-0.001	-0.001	-0.001	-0.001	-0.001
-0.001	-0.001	-0.001	-0.001	-0.001	-0.001	-0.001	-0.001	-0.001	-0.001	-0.001	-0.001	-0.001	-0.001	-0.001	-0.001	-0.001
-0.001	-0.001	-0.001	-0.001	-0.001	-0.001	-0.001	-0.001	-0.001	-0.001	-0.001	-0.001	-0.001	-0.001	-0.001	-0.001	-0.001
-0.001	-0.001	-0.001	-0.001	-0.001	-0.001	-0.001	-0.001	-0.001	-0.001	-0.001	-0.001	-0.001	-0.001	-0.001	-0.001	-0.001
-0.001	-0.001	-0.001	-0.001	-0.001	-0.001	-0.001	-0.001	-0.001	-0.001	-0.001	-0.001	-0.001	-0.001	-0.001	-0.001	-0.001
-0.001	-0.001	-0.001	-0.001	-0.001	-0.001	-0.001	-0.001	-0.001	-0.001	-0.001	-0.001	-0.001	-0.001	-0.001	-0.001	-0.001
-0.001	-0.001	-0.001	-0.001	-0.001	-0.001	-0.001	-0.001	-0.001	-0.001	-0.001	-0.001	-0.001	-0.001	-0.001	-0.001	-0.001
-0.001	-0.001	-0.001	-0.001	-0.001	-0.001	-0.001	-0.001	-0.001	-0.001	-0.001	-0.001	-0.001	-0.001	-0.001	-0.001	-0.001
-0.001	-0.001	-0.001	-0.001	-0.001	-0.001	-0.001	-0.001	-0.001	-0.001	-0.001	-0.001	-0.001	-0.001	-0.001	-0.001	-0.001
-0.001	-0.001	-0.001	-0.001	-0.001	-0.001	-0.001	-0.001	-0.001	-0.001	-0.001	-0.001	-0.001	-0.001	-0.001	-0.001	-0.001
-0.001	-0.001	-0.001	-0.001	-0.001	-0.001	-0.001	-0.001	-0.001	-0.001	-0.001	-0.001	-0.001	-0.001	-0.001	-0.001	-0.001
-0.001	-0.001	-0.001	-0.001	-0.001	-0.001	-0.001	-0.001	-0.001	-0.001	-0.001	-0.001	-0.001	-0.001	-0.001	-0.001	-0.001
-0.001	-0.001	-0.001	-0.001	-0.001	-0.001	-0.001	-0.001	-0.001	-0.001	-0.001	-0.001	-0.001	-0.001	-0.001	-0.001	-0.001
-0.001	-0.001	-0.001	-0.001	-0.001	-0.001	-0.001	-0.001	-0.001	-0.001	-0.001	-0.001	-0.001	-0.001	-0.001	-0.001	-0.001
-0.001	-0.001	-0.001	-0.001	-0.001	-0.001	-0.001	-0.001	-0.001	-0.001	-0.001	-0.001	-0.001	-0.001	-0.001	-0.001	-0.001
-0.001	-0.001	-0.001	-0.001	-0.001	-0.001	-0.001	-0.001	-0.001	-0.001	-0.001	-0.001	-0.001	-0.001	-0.001	-0.001	-0.001
-0.001	-0.001	-0.001	-0.001	-0.001	-0.001	-0.001	-0.001	-0.001	-0.001	-0.001	-0.001	-0.001	-0.001	-0.001	-0.001	-0.001
-0.001	-0.001	-0.001	-0.001	-0.001	-0.001	-0.001	-0.001	-0.001	-0.001	-0.001	-0.001	-0.001	-0.001	-0.001	-0.001	-0.001
-0.001	-0.001	-0.001	-0.001	-0.001	-0.001	-0.001	-0.001	-0.001	-0.001	-0.001	-0.001	-0.001	-0.001	-0.001	-0.001	-0.001
-0.001	-0.001	-0.001	-0.001	-0.001	-0.001	-0.001	-0.001	-0.001	-0.001	-0.001	-0.001	-0.001	-0.001	-0.001	-0.001	-0.001
-0.001	-0.001	-0.001	-0.001	-0.001	-0.001	-0.001	-0.001	-0.001	-0.001	-0.001	-0.001	-0.001	-0.001	-0.001	-0.001	-0.001
-0.001	-0.001	-0.001	-0.001	-0.001	-0.001	-0.001	-0.001	-0.001	-0.001	-0.001	-0.001	-0.001	-0.001	-0.001	-0.001	-0.001
-0.001	-0.001	-0.001	-0.001	-0.001	-0.001	-0.001	-0.001	-0.001	-0.001	-0.001	-0.001	-0.001	-0.001	-0.001	-0.001	-0.001
-0.001	-0.001	-0.001	-0.001	-0.001	-0.001	-0.001	-0.001	-0.001	-0.001	-0.001	-0.001	-0.001	-0.001	-0.001	-0.001	-0.001
-0.001	-0.001	-0.001	-0.001	-0.001	-0.001	-0.001	-0.001	-0.001	-0.001	-0.001	-0.001	-0.001	-0.001	-0.001	-0.001	-0.001
-0.001	-0.001	-0.001	-0.001	-0.001	-0.001	-0.001	-0.001	-0.001	-0.001	-0.001	-0.001	-0.001	-0.001	-0.001	-0.001	-0.001
-0.001	-0.001	-0.001	-0.001	-0.001	-0.001	-0.001	-0.001	-0.001	-0.001	-0.001	-0.001	-0.001	-0.001	-0.001	-0.001	-0.001
-0.001	-0.001	-0.001	-0.001	-0.001	-0.001	-0.001	-0.001	-0.001	-0.001	-0.001	-0.001	-0.001	-0.001	-0.001	-0.001	-0.001
-0.001	-0.001	-0.001	-0.001	-0.001	-0.001	-0.001	-0.001	-0.001	-0.001	-0.001	-0.001	-0.001	-0.001	-0.001	-0.001	-0.001
-0.001	-0.001	-0.001	-0.001	-0.001	-0.001	-0.001	-0.001	-0.001	-0.001	-0.001	-0.001	-0.001	-0.001	-0.001	-0.001	-0.001
-0.001	-0.001	-0.001	-0.001	-0.001	-0.001	-0.001	-0.001	-0.001	-0.001	-0.001	-0.001	-0.001	-0.001	-0.001	-0.001	-0.001
-0.001	-0.001	-0.001	-0.001	-0.001	-0.001	-0.001	-0.001	-0.001	-0.001	-0.001	-0.001	-0.001	-0.001	-0.001	-0.001	-0.001
-0.001	-0.001	-0.001	-0.001	-0.001	-0.001	-0.001	-0.001	-0.001	-0.001	-0.001	-0.001	-0.001	-0.001	-0.001	-0.001	-0.001
-0.001	-0.001	-0.001	-0.001	-0.001	-0.001	-0.001	-0.001	-0.001	-0.001	-0.001	-0.001	-0.001	-0.001	-0.001	-0.001	-0.001
-0.001	-0.001	-0.001	-0.001	-0.001	-0.001	-0.001	-0.001	-0.001	-0.001	-0.001	-0.001	-0.001	-0.001	-0.001	-0.001	-0.001
-0.001	-0.001	-0.001	-0.001	-0.001	-0.001	-0.001	-0.001	-0.001	-0.001	-0.001	-0.001	-0.001	-0.001	-0.001	-0.001	-0.001
-0.001	-0.001	-0.001	-0.001	-0.001	-0.001	-0.001	-0.001	-0.001	-0.001	-0.001	-0.001	-0.001	-0.001	-0.001	-0.001	-0.001
-0.001	-0.001	-0.001	-0.001	-0.001	-0.001	-0.001	-0.001	-0.001	-0.001	-0.001	-0.001	-0.001	-0.001	-0.001	-0.001	-0.001
-0.001	-0.001	-0.001	-0.001	-0.001	-0.001	-0.001	-0.001	-0.001	-0.001	-0.001	-0.001	-0.001	-0.001	-0.001	-0.001	-0.001
-0.001	-0.001	-0.001	-0.001	-0.001	-0.001	-0.001	-0.001	-0.001	-0.001	-0.001	-0.001	-0.001	-0.001	-0.001	-0.001	-0.001
-0.001	-0.001	-0.001	-0.001	-0.001	-0.001	-0.001	-0.001	-0.001	-0.001	-0.001	-0.001	-0.001	-0.001	-0.001	-0.001	-0.001
-0.001	-0.001	-0.001	-0.001	-0.001	-0.001	-0.001	-0.001	-0.001	-0.001	-0.001	-0.001	-0.001	-0.001	-0.001	-0.001	-0.001
-0.001	-0.001	-0.001	-0.001	-0.001	-0.001	-0.001	-0.001	-0.001	-0.001	-0.001	-0.001	-0.001	-0.001	-0.001	-0.001	-0.001
-0.001	-0.001	-0.001	-0.001	-0.001	-0.001	-0.001	-0.001	-0.001	-0.001	-0.001	-0.001	-0.001	-0.001	-0.001	-0.001	-0.001
-0.001	-0.001	-0.001	-0.001	-0.001	-0.001	-0.001	-0.001	-0.001	-0.001	-0.001	-0.001	-0.001	-0.001	-0.001	-0.001	-0.001
-0.001	-0.001	-0.001	-0.001	-0.001	-0.001	-0.001	-0.001	-0.001	-0.001	-0.001	-0.001	-0.001	-0.001	-0.001	-0.001	-0.001
-0.001	-0.001	-0.001	-0.001	-0.001	-0.001	-0.001	-0.001	-0.001	-0.001	-0.001	-0.001	-0.001	-0.001	-0.001	-0.001	-0.001
-0.001	-0.001	-0.001	-0.001	-0.001	-0.001	-0.001	-0.001	-0.001	-0.001	-0.001	-0.001	-0.001	-0.001	-0.001	-0.001	-0.001
-0.001	-0.001	-0.001	-0.001	-0.001	-0.001	-0.001	-0.001	-0.001	-0.001	-0.001	-0.001	-0.001	-0.001	-0.001	-0.001	-0.001
-0.001	-0.001	-0.001	-0.001	-0.001	-0.001	-0.001	-0.001	-0.001	-0.001	-0.001	-0.001	-0.001	-0.001	-0.001	-0.001	-0.001
-0.001	-0.001	-0.001	-0.001	-0.001	-0.001	-0.001	-0.001	-0.001	-0.001	-0.001	-0.001	-0.001	-0.001	-0.001	-0.001	-0.001
-0.001	-0.001	-0.001	-0.001	-0.001	-0.001	-0.001	-0.001	-0.001	-0.001	-0.001	-0.001	-0.001	-0.001	-0.001	-0.001	-0.001
-0.001	-0.001	-0.001	-0.001	-0.001	-0.001	-0.001	-0.001	-0.001	-0.001	-0.001	-0.001	-0.001	-0.001	-0.001	-0.001	-0.001
-0.001	-0.001	-0.001	-0.001	-0.001	-0.001	-0.001	-0.001	-0.001	-0.001	-0.001	-0.001	-0.001	-0.001	-0.001	-0.001	-0.001
-0.001	-0.001	-0.001	-0.001	-0.001	-0.001	-0.001	-0.001	-0.001	-0.001	-0.001	-0.001	-0.001	-0.001	-0.001	-0.001	-0.001
-0.001	-0.001	-0.001	-0.001	-0.001	-0.001	-0.001	-0.001	-0.001	-0.001	-0.001	-0.001	-0.001	-0.001	-0.001	-0.001	-0.001
-0.001	-0.001	-0.001	-0.001	-0.001	-0.001	-0.001	-0.001	-0.001	-0.001	-0.001	-0.001	-0.001	-0.001	-0.001	-0.001	-0.001
-0.001	-0.001	-0.001	-0.001	-0.001	-0.001	-0.001	-0.001	-0.001	-0.001	-0.001	-0.001	-0.001	-0.001	-0.001	-0.001	-0.001
-0.001	-0.001	-0.001	-0.001	-0.001	-0.001	-0.001	-0.001	-0.001	-0.001	-0.001	-0.001	-0.001	-0.001	-0.001	-0.001	-0.001
-0.001	-0.001	-0.001	-0.001	-0.001	-0.001	-0.001	-0.001	-0.001	-0.001	-0.001	-0.001	-0.001	-0.001	-0.001	-0.001	-0.001
-0.001	-0.001	-0.001	-0.001	-0.001	-0.001	-0.001	-0.001	-0.001	-0.001	-0.001	-0.001	-0.001	-0.001	-0.001	-0.001	-0.001
-0.001	-0.001	-0.001	-0.001	-0.001	-0.001	-0.001	-0.001	-0.001	-0.001	-0.001	-0.001	-0.001	-0.001	-0.001	-0.001	-0.001
-0.001	-0.001	-0.001	-0.001	-0.001	-0.001	-0.001	-0.001	-0.001	-0.001	-0.001	-0.001	-0.001	-0.001	-0.001	-0.001	-0.001
-0.001	-0.001	-0.001	-0.001	-0.001	-0.001	-0.001	-0.001	-0.001	-0.001	-0.001	-0.001	-0.001	-0.001	-0.001	-0.001	-0.001
-0.001	-0.001	-0.001	-0.001	-0.001	-0.001	-0.001	-0.001	-0.001	-0.001	-0.001	-0.001	-0.001	-0.001	-0.001	-0.001	-0.001
-0.001	-0.001	-0.001	-0.001	-0.001	-0.001	-0.001	-0.001	-0.001	-0.001	-0.001	-0.001	-0.001	-0.001	-0.001	-0.001	-0.001
-0.001	-0.001	-0.001	-0.001	-0.001	-0.001	-0.001	-0.001	-0.001	-0.001	-0.001	-0.001	-0.001	-0.001	-0.001	-0.001	-0.001
-0.001	-0.001	-0.001	-0.001	-0.001	-0.001	-0.001	-0.001	-0.001	-0.001	-0.001	-0.001	-0.001	-0.001	-0.001	-0.001	-0.001
-0.001	-0.001	-0.001	-0.001	-0.001	-0.001	-0.001	-0.001	-0.001	-0.001	-0.001	-0.001	-0.001	-0.001	-0.001	-0.001	-0.001
-0.001	-0.001	-0.001	-0.001	-0.001	-0.001	-0.001	-0.001	-0.001	-0.001	-0.001	-0.001	-0.001	-0.001	-0.001	-0.001	-0.001
-0.001	-0.001	-0.001	-0.001	-0.001	-0.001	-0.001	-0.001	-0.001	-0.001	-0.001	-0.001	-0.001	-0.001	-0.001	-0.001	-0.001
-0.001	-0.001	-0.001	-0.001	-0.001	-0.001	-0.001	-0.001	-0.001	-0.001	-0.001	-0.001	-0.001	-0.001	-0.001	-0.001	-0.001
-0.001	-0.001	-0.001	-0.001	-0.001	-0.001	-0.001	-0.001	-0.001	-0.001	-0.001	-0.001	-0.001	-0.001	-0.001	-0.001	-0.001
-0.001	-0.001	-0.001	-0.001	-0.001	-0.001	-0.001	-0.001	-0.001	-0.001	-0.001	-0.001	-0.001	-0.001	-0.001	-0.001	-0.001
-0.001	-0.001	-0.001	-0.001	-0.001	-0.001	-0.001	-0.001	-0.001	-0.001	-0.001	-0.001	-0.001	-0.001	-0.001	-0.001	-0.001
-0.001	-0.001	-0.001	-0.001	-0.001	-0.001	-0.001	-0.001	-0.001	-0.001	-0.001	-0.001	-0.001	-0.001	-0.001	-0.001	-0.001
-0.001	-0.001	-0.001	-0.001	-0.001	-0.001	-0.001	-0.001	-0.001	-0.001	-0.001	-0.001	-0.001	-0.001	-0.001	-0.001	-0.001
-0.001	-0.001	-0.001	-0.001	-0.001	-0.001	-0.001	-0.001	-0.001	-0.001	-0.001	-0.001	-0.001	-0.001	-0.001	-0.001	-0.001
-0.001	-0.001	-0.001	-0.001	-0.001	-0.001	-0.001	-0.001	-0.001	-0.001	-0.001	-0.001	-0.001	-0.001	-0.001	-0.001	-0.001
-0.001	-0.001	-0.001	-0.001	-0.001	-0.001	-0.001	-0.001	-0.001	-0.001	-0.001	-0.001	-0.001	-0.001	-0.001	-0.001	-0.001
-0.001	-0.001	-0.001	-0.001	-0.001	-0.001	-0.001	-0.001	-0.001	-0.001	-0.001	-0.001	-0.001	-0.001	-0.001	-0.001	-0.001
-0.001	-0.001	-0.001	-0.001	-0.001	-0.001	-0.001	-0.001	-0.001	-0.001	-0.001	-0.001	-0.001	-0.001	-0.001	-0.001	-0.001
-0.001	-0.001	-0.001	-0.001	-0.001	-0.001	-0.001	-0.001	-0.001	-0.001	-0.001	-0.001	-0.001	-0.001	-0.001	-0.001	-0.001
-0.001	-0.001	-0.001	-0.001	-0.001	-0.001	-0.001	-0.001	-0.001	-0.001	-0.001	-0.001	-0.001	-0.001	-0.001	-0.001	-0.001
-0.001	-0.001	-0.001	-0.001	-0.001	-0.001	-0.001	-0.001	-0.001	-0.001	-0.001	-0.001	-0.001	-0.001	-0.001	-0.001	-0.001
-0.001	-0.001	-0.001	-0.001	-0.001	-0.001	-0.001	-0.001	-0.001	-0.001	-0.001	-0.001	-0.001	-0.001	-0.001	-0.001	-0.001
-0.001	-0.001	-0.001	-0.001	-0.001	-0.001	-0.001	-0.001	-0.001	-0.001	-0.001	-0.001	-0.001	-0.001	-0.001	-0.001	-0.001
-0.001	-0.001	-0.001	-0.001	-0.001	-0.001	-0.001	-0.001	-0.001	-0.001	-0.001	-0.001	-0.001	-0.001	-0.001	-0.001	-0.001
-0.001	-0.001	-0.001	-0.001	-0.001	-0.001	-0.001	-0.001	-0.001	-0.001	-0.001	-0.001	-0.001	-0.001	-0.001	-0.001	-0.001
-0.001	-0.001	-0.001	-0.001	-0.001	-0.001	-0.001	-0.001	-0.001	-0.001	-0.001	-0.001	-0.001	-0.001	-0.001	-0.001	-0.001
-0.001	-0.001	-0.001	-0.001	-0.001	-0.001	-0.001	-0.001	-0.001	-0.001	-0.001	-0.001	-0.001	-0.001	-0.001	-0.001	-0.001
-0.001	-0.001	-0.001	-0.001	-0.001	-0.001	-0.001	-0.001	-0.001	-0.001	-0.001	-0.001	-0.001	-0.001	-0.001	-0.001	-0.001
-0.001	-0.001	-0.001	-0.001	-0.001	-0.001	-0.001	-0.001	-0.001	-0.001	-0.001	-0.001	-0.001	-0.001	-0.001	-0.001	-0.001
-0.001	-0.001	-0.001	-0.001	-0.001	-0.001	-0.001	-0.001	-0.001	-0.001	-0.001	-0.001	-0.001	-0.001	-0.001	-0.001	-0.001
-0.001	-0.001	-0.001	-0.001	-0.001	-0.001	-0.001	-0.001	-0.001	-0.001	-0.001	-0.001	-0.001	-0.001	-0.001	-0.001	-0.001
-0.001	-0.001	-0.001	-0.001	-0.001	-0.001	-0.001	-0.001	-0.001	-0.001	-0.001	-0.001	-0.001	-0.001	-0.001	-0.001	-0.001
-0.001	-0.001	-0.001	-0.001	-0.001	-0.001	-0.001	-0.001	-0.001	-0.001	-0.001	-0.001	-0.001	-0.001	-0.001	-0.001	-0.001
-0.001	-0.001	-0.001	-0.001	-0.001	-0.001	-0.001	-0.001	-0.001	-0.001	-0.001	-0.001	-0.001	-0.001	-0.001	-0.001	-0.001
-0.001	-0.001	-0.001	-0.001	-0.001	-0.001	-0.001	-0.001	-0.001	-0.001	-0.001	-0.001	-0.001	-0.001	-0.001	-0.001	-0.001
-0.001	-0.001	-0.001	-0.001	-0.001	-0.001	-0.001	-0.001	-0.001	-0.001	-0.001	-0.001	-0.001	-0.001	-0.001	-0.001	-0.001
-0.001	-0.001	-0.001	-0.001	-0.001	-0.001	-0.001	-0.001	-0.001	-0.001	-0.001	-0.001	-0.001	-0.001	-0.001	-0.001	-0.001
-0.001	-0.001	-0.001	-0.001	-0.001	-0.001	-0.001	-0.001	-0.001	-0.001	-0.001	-0.001	-0.001	-0.001	-0.001	-0.001	-0.001
-0.001	-0.001	-0.001	-0.001	-0.001	-0.001	-0.001	-0.001	-0.001	-0.001	-0.001	-0.001	-0.001	-0.001	-0.001	-0.001	-0.001
-0.001	-0.001	-0.001	-0.001	-0.001	-0.001	-0.001	-0.001	-0.001	-0.001	-0.001	-0.001	-0.001	-0.001	-0.001	-0.001	-0.001
-0.001	-0.001	-0.001	-0.001	-0.001	-0.001	-0.001	-0.001	-0.001	-0.001	-0.001	-0.001	-0.001	-0.001	-0.001	-0.001	-0.001
-0.001	-0.001	-0.001	-0.001	-0.001	-0.001	-0.001	-0.001	-0.001	-0.001	-0.001	-0.001	-0.001	-0.001	-0.001	-0.001	-0.001
-0.001	-0.001	-0.001	-0.001	-0.001	-0.001	-0.001	-0.001	-0.001	-0.001	-0.001	-0.001	-0.001	-0.001	-0.001	-0.001	-0.001
-0.001	-0.001	-0.001	-0.001	-0.001	-0.001	-0.001	-0.001	-0.001	-0.001	-0.001	-0.001	-0.001	-0.001	-0.001	-0.001	-0.001
-0.001	-0.001	-0.001	-0.001	-0.001	-0.001	-0.001	-0.001	-0.001	-0.001	-0.001	-0.001	-0.001	-0.001	-0.001	-0.001	-0.001
-0.001	-0.001	-0.001	-0.001	-0.001	-0.001	-0.001	-0.001	-0.001	-0.001	-0.001	-0.001	-0.001	-0.001	-0.001	-0.001	-0.001
-0.001	-0.001	-0.001	-0.001	-0.001	-0.001	-0.001	-0.001	-0.001	-0.001	-0.001	-0.001	-0.001	-0.001	-0.001	-0.001	-0.001
-0.001	-0.001	-0.001	-0.001	-0.001	-0.001	-0.001	-0.001	-0.001	-0.001	-0.001	-0.001	-0.001	-0.001	-0.001	-0.001	-0.001
-0.001	-0.001	-0.001	-0.001	-0.001	-0.001	-0.001	-0.001	-0.001	-0.001	-0.001	-0.001	-0.001	-0.001	-0.001	-0.001	-0.001
-0.001	-0.001	-0.001	-0.001	-0.001	-0.001	-0.001	-0.001	-0.001	-0.001	-0.001	-0.001	-0.001	-0.001	-0.001	-0.001	-0.001
-0.001	-0.001	-0.001	-0.001	-0.001	-0.001	-0.001	-0.001	-0.001	-0.001	-0.001	-0.001	-0.001	-0.001	-0.001	-0.001	-0.001
-0.001	-0.001	-0.001	-0.001	-0.001	-0.001	-0.001	-0.001	-0.001	-0.001	-0.001	-0.001	-0.001	-0.001	-0.001	-0.001	-0.001
-0.001	-0.001	-0.001	-0.001	-0.001	-0.001	-0.001	-0.001	-0.001	-0.001	-0.001	-0.001	-0.001	-0.001	-0.001	-0.001	-0.001
-0.001	-0.001	-0.001	-0.001	-0.001	-0.001	-0.001	-0.001	-0.001	-0.001	-0.001	-0.001	-0.001	-0.001	-0.001	-0.001	-0.001
-0.001	-0.001	-0.001	-0.001	-0.001	-0.001	-0.001	-0.001	-0.001	-0.001	-0.001	-0.001	-0.001	-0.001	-0.001	-0.001	-0.001
-0.001	-0.001	-0.001	-0.001	-0.001	-0.001	-0.001	-0.001	-0.001	-0.001	-0.001	-0.001	-0.001	-0.001	-0.001	-0.001	-0.001
-0.001	-0.001	-0.001	-0.001	-0.001	-0.001	-0.001	-0.001	-0.001	-0.001	-0.001	-0.001	-0.001	-0.001	-0.001	-0.001	-0.001
-0.001	-0.001	-0.001	-0.001	-0.001	-0.001	-0.001	-0.001	-0.001	-0.001	-0.001	-0.001	-0.001	-0.001	-0.001	-0.001	-0.001
-0.001	-0.001	-0.001	-0.001	-0.001	-0.001	-0.001	-0.001	-0.001	-0.001	-0.001	-0.001	-0.001	-0.001	-0.001	-0.001	-0.001
-0.001	-0.001	-0.001	-0.001	-0.001	-0.001	-0.001	-0.001	-0.001	-0.001	-0.001	-0.001	-0.001	-0.001	-0.001	-0.001	-0.001
-0.001	-0.001	-0.001	-0.001	-0.001	-0.001	-0.001	-0.001	-0.001	-0.001	-0.001	-0.001	-0.001	-0.001	-0.001	-0.001	-0.001
-0.001	-0.001	-0.001	-0.001	-0.001	-0.001	-0.001	-0.001	-0.001	-0.001	-0.001	-0.001	-0.001	-0.001	-0.001	-0.001	-0.001
-0.001	-0.001	-0.001	-0.001	-0.001	-0.001	-0.001	-0.001	-0.001	-0.001	-0.001	-0.001	-0.001	-0.001	-0.001	-0.001	-0.001
-0.001	-0.001	-0.001	-0.001	-0.001	-0.001	-0.001	-0.001	-0.001	-0.001	-0.001	-0.001	-0.001	-0.001	-0.001	-0.001	-0.001
-0.001	-0.001	-0.001	-0.001	-0.001	-0.001	-0.001	-0.001	-0.001	-0.001	-0.001	-0.001	-0.001	-0.001	-0.001	-0.001	-0.001
-0.001	-0.001	-0.001	-0.001	-0.001	-0.001	-0.001	-0.001	-0.001	-0.001	-0.001	-0.001	-0.001	-0.001	-0.001	-0.001	-0.001
-0.001	-0.001	-0.001	-0.001	-0.001	-0.001	-0.001	-0.001	-0.001	-0.001	-0.001	-0.001	-0.001	-0.001	-0.001	-0.001	-0.001
-0.001	-0.001	-0.001	-0.001	-0.001	-0.001	-0.001	-0.001	-0.001	-0.001	-0.001	-0.001	-0.001	-0.001	-0.001	-0.001	-0.001
-0.001	-0.001	-0.001	-0.001	-0.001	-0.001	-0.001	-0.001	-0.001	-0.001	-0.001	-0.001	-0.001	-0.001	-0.001	-0.001	-0.001
-0.001	-0.001	-0.001	-0.001	-0.001	-0.001	-0.001	-0.001	-0.001	-0.001	-0.001	-0.001	-0.001	-0.001	-0.001	-0.001	-0.001
-0.001	-0.001	-0.001	-0.001	-0.001	-0.001	-0.001	-0.001	-0.001	-0.001	-0.001	-0.001	-0.001	-0.001	-0.001	-0.001	-0.001
-0.001	-0.001	-0.001	-0.001	-0.001	-0.001	-0.001	-0.001	-0.001	-0.001	-0.001	-0.001	-0.001	-0.001	-0.001	-0.001	-0.001
-0.001	-0.001	-0.001	-0.001	-0.001	-0.001	-0.001	-0.001	-0.001	-0.001	-0.001	-0.001	-0.001	-0.001	-0.001	-0.001	-0.001
-0.001	-0.001	-0.001	-0.001	-0.001	-0.001	-0.001	-0.001	-0.001	-0.001	-0.001	-0.001	-0.001	-0.001	-0.001	-0.001	-0.001
-0.001	-0.001	-0.001	-0.001	-0.001	-0.001	-0.001	-0.001	-0.001	-0.001	-0.001	-0.001	-0.001	-0.001	-0.001	-0.001	-0.001
-0.001	-0.001	-0.001	-0.001	-0.001	-0.001	-0.001	-0.001	-0.001	-0.001	-0.001	-0.001	-0.001	-0.001	-0.001	-0.001	-0.001
-0.001	-0.001	-0.001	-0.001	-0.001	-0.001	-0.001	-0.001	-0.001	-0.001	-0.001	-0.001	-0.001	-0.001	-0.001	-0.001	-0.001
-0.001	-0.001	-0.001	-0.001	-0.001	-0.001	-0.001	-0.001	-0.001	-0.001	-0.001	-0.001	-0.001	-0.001	-0.001	-0.001	-0.001
-0.001	-0.001	-0.001	-0.001	-0.001	-0.001	-0.001	-0.001	-0.001	-0.001	-0.001	-0.001	-0.001	-0.001	-0.001	-0.001	-0.001
-0.001	-0.001	-0.001	-0.001	-0.001	-0.001	-0.001	-0.001	-0.001	-0.001	-0.001	-0.001	-0.001	-0.001	-0.001	-0.001	-0.001
-0.001	-0.001	-0.001	-0.001	-0.001	-0.001	-1.0	-0.001	-0.001	-0.001	-0.001	-0.001	-0.001	-0.001	-0.001	-0.001	-0.001
-0.001	-0.001	-0.001	-0.001	1.0	-0.001	-0.001	-0.001	-0.001	-0.001	-0.001	-0.001	-0.001	-0.001	-0.001	-0.001	-0.001
-0.001	-0.001	-0.001	-0.001	-0.001	-0.001	-0.001	-0.001	-0.001	-0.001	-0.001	-0.001	-0.001	-0.001	-0.001	-0.001	-0.001
-0.001	-0.001	-0.001	-0.001	-0.001	-0.001	-0.001	-0.001	-0.001	-0.001	-0.001	-0.001	-0.001	-0.001	-0.001	-0.001	-0.001
-0.001	-0.001	-0.001	-0.001	-0.001	-0.001	-0.001	-0.001	-0.001	-0.001	-0.001	-0.001	-0.001	-0.001	-0.001	-0.001	-0.001
-0.001	-0.001	-0.001	-0.001	-0.001	-0.001	-0.001	-0.001	-0.001	-0.001	-0.001	-0.001	-0.001	-0.001	-0.001	-0.001	-0.001
-0.001	-0.001	-0.001	-0.001	-0.001	-0.001	-0.001	-0.001	-0.001	-0.001	-0.001	-0.001	-0.001	-0.001	-0.001	-0.001	-0.001
-0.001	-0.001	-0.001	-0.001	-0.001	-0.001	-0.001	-0.001	-0.001	-0.001	-0.001	-0.001	-0.001	-0.001	-0.001	-0.001	-0.001
-0.001	-0.001	-0.001	-0.001	-0.001	-0.001	-0.001	-0.001	-0.001	-0.001	-0.001	-0.001	-0.001	-0.001	-0.001	-0.001	-0.001
-0.001	-0.001	-0.001	-0.001	-0.001	-0.001	-0.001	-0.001	-0.001	-0.001	-0.001	-0.001	-0.001	-0.001	-0.001	-0.001	-0.001
-0.001	-0.001	-0.001	-0.001	-0.001	-0.001	-0.001	-0.001	-0.001	-0.001	-0.001	-0.001	-0.001	-0.001	-0.001	-0.001	-0.001
-0.001	-0.001	-0.001	-0.001	-0.001	-0.001	-0.001	-0.001	-0.001	-0.001	-0.001	-0.001	-0.001	-0.001	-0.001	-0.001	-0.001
-0.001	-0.001	-0.001	-0.001	-0.001	-0.001	-0.001	-0.001	-0.001	-0.001	-0.001	-0.001	-0.001	-0.001	-0.001	-0.001	-0.001
-0.001	-0.001	-0.001	-0.001	-0.001	-0.001	-0.001	-0.001	-0.001	-0.001	-0.001	-0.001	-0.001	-0.001	-0.001	-0.001	-0.001
-0.001	-0.001	-0.001	-0.001	-0.001	-0.001	-0.001	-0.001	-0.001	-0.001	-0.001	-0.001	-0.001	-0.001	-0.001	-0.001	-0.001
-0.001	-0.001	-0.001	-0.001	-0.001	-0.001	-0.001	-0.001	-0.001	-0.001	-0.001	-0.001	-0.001	-0.001	-0.001	-0.001	-0.001
-0.001	-0.001	-0.001	-0.001	-0.001	-0.001	-0.001	-0.001	-0.001	-0.001	-0.001	-0.001	-0.001	-0.001	-0.001	-0.001	-0.001
-0.001	-0.001	-0.001	-0.001	-0.001	-0.001	-0.001	-0.001	-0.001	-0.001	-0.001	-0.001	-0.001	-0.001	-0.001	-0.001	-0.001
-0.001	-0.001	-0.001	-0.001	-0.001	-0.001	-0.001	-0.001	-0.001	-0.001	-0.001	-0.001	-0.001	-0.001	-0.001	-0.001	-0.001
-0.001	-0.001	-0.001	-0.001	-0.001	-0.001	-0.001	-0.001	-0.001	-0.001	-0.001	-0.001	-0.001	-0.001	-0.001	-0.001	-0.001
-0.001	-0.001	-0.001	-0.001	-0.001	-0.001	-0.001	-0.001	-0.001	-0.001	-0.001	-0.001	-0.001	-0.001	-0.001	-0.001	-0.001
-0.001	-0.001	-0.001	-0.001	-0.001	-0.001	-0.001	-0.001	-0.001	-0.001	-0.001	-0.001	-0.001	-0.001	-0.001	-0.001	-0.001
-0.001	-0.001	-0.001	-0.001	-0.001	-0.001	-0.001	-0.001	-0.001	-0.001	-0.001	-0.001	-0.001	-0.001	-0.001	-0.001	-0.001
-0.001	-0.001	-0.001	-0.001	-0.001	-0.001	-0.001	-0.001	-0.001	-0.001	-0.001	-0.001	-0.001	-0.001	-0.001	-0.001	-0.001
-0.001	-0.001	-0.001	-0.001	-0.001	-0.001	-0.001	-0.001	-0.001	-0.001	-0.001	-0.001	-0.001	-0.001	-0.001	-0.001	-0.001
-0.001	-0.001	-0.001	-0.001	-0.001	-0.001	-0.001	-0.001	-0.001	-0.001	-0.001	-0.001	-0.001	-0.001	-0.001	-0.001	-0.001
-0.001	-0.001	-0.001	-0.001	-0.001	-0.001	-0.001	-0.001	-0.001	-0.001	-0.001	-0.001	-0.001	-0.001	-0.001	-0.001	-0.001
-0.001	-0.001	-0.001	-0.001	-0.001	-0.001	-0.001	-0.001	-0.001	-0.001	-0.001	-0.001	-0.001	-0.001	-0.001	-0.001	-0.001
-0.001	-0.001	-0.001	-0.001	-0.001	-0.001	-0.001	-0.001	-0.001	-0.001	-0.001	-0.001	-0.001	-0.001	-0.001	-0.001	-0.001
-0.001	-0.001	-0.001	-0.001	-0.001	-0.001	-0.001	-0.001	-0.001	-0.001	-0.001	-0.001	-0.001	-0.001	-0.001	-0.001	-0.001
-0.001	-0.001	-0.001	-0.001	-0.001	-0.001	-0.001	-0.001	-0.001	-0.001	-0.001	-0.001	-0.001	-0.001	-0.001	-0.001	-0.001
-0.001	-0.001	-0.001	-0.001	-0.001	-0.001	-0.001	-0.001	-0.001	-0.001	-0.001	-0.001	-0.001	-0.001	-0.001	-0.001	-0.001
-0.001	-0.001	-0.001	-0.001	-0.001	-0.001	-0.001	-0.001	-0.001	-0.001	-0.001	-0.001	-0.001	-0.001	-0.001	-0.001	-0.001
-0.001	-0.001	-0.001	-0.001	-0.001	-0.001	-0.001	-0.001	-0.001	-0.001	-0.001	-0.001	-0.001	-0.001	-0.001	-0.001	-0.001
-0.001	-0.001	-0.001	-0.001	-0.001	-0.001	-0.001	-0.001	0.6	-0.001	-0.001	-0.001	-0.001	-0.001	-0.001	-0.001	-0.001
-0.001	-0.001	-0.001	-0.001	-0.001	-0.001	-0.001	-0.001	-0.001	-0.001	-0.001	-0.001	-0.001	-0.001	-0.001	-0.001	-0.001
-0.001	-0.001	-0.001	-0.001	-0.001	-0.001	-0.001	-0.001	-0.001	-0.001	-0.001	-0.001	-0.001	-0.001	-0.001	-0.001	-0.001
-0.001	-0.001	-0.001	-0.001	-0.001	-0.001	-0.001	-0.001	-0.001	-0.001	-0.001	-0.001	-0.001	-0.001	-0.001	-0.001	-0.001
-0.001	-0.001	-0.001	-0.001	-0.001	-0.001	-0.001	-0.001	-0.001	-0.001	-0.001	-0.001	-0.001	-0.001	-0.001	-0.001	-0.001
-0.001	-0.001	-0.001	-0.001	-0.001	-0.001	-0.001	-0.001	-0.001	-0.001	-0.001	-0.001	-0.001	-0.001	-0.001	-0.001	-0.001
-0.001	-0.001	-0.001	-0.001	-0.001	-0.001	-0.001	-0.001	-0.001	-0.001	-0.001	-0.001	-0.001	-0.001	-0.001	-0.001	-0.001
-0.001	-0.001	-0.001	-0.001	-0.001	-0.001	-0.001	-0.001	-0.001	-0.001	-0.001	-0.001	-0.001	-0.001	-0.001	-0.001	-0.001
-0.001	-0.001	-0.001	-0.001	-0.001	-0.001	-0.001	-0.001	-0.001	-0.001	-0.001	-0.001	-0.001	-0.001	-0.001	-0.001	-0.001
-0.001	-0.001	-0.001	-0.001	-0.001	-0.001	-0.001	-0.001	-0.001	-0.001	-0.001	-0.001	-0.001	-0.001	-0.001	-0.001	-0.001
-0.001	-0.001	-0.001	-0.001	-0.001	-0.001	-0.001	-0.001	-0.001	-0.001	-0.001	-0.001	-0.001	-0.001	-0.001	-0.001	-0.001
-0.001	-0.001	-0.001	-0.001	-0.001	-0.001	-0.001	-0.001	-0.001	-0.001	-0.001	-0.001	-0.001	-0.001	-0.001	-0.001	-0.001
-0.001	-0.001	-0.001	-0.001	-0.001	-0.001	-0.001	-0.001	-0.001	-0.001	-0.001	-0.001	-0.001	-0.001	-0.001	-0.001	-0.001
-0.001	-0.001	-0.001	-0.001	-0.001	-0.001	-0.001	-0.001	-0.001	-0.001	-0.001	-0.001	-0.001	-0.001	-0.001	-0.001	-0.001
-0.001	-0.001	-0.001	-0.001	-0.001	-0.001	-0.001	-0.001	-0.001	-0.001	-0.001	-0.001	-0.001	-0.001	-0.001	-0.001	-0.001
-0.001	-0.001	-0.001	-0.001	-0.001	-0.001	-0.001	-0.001	-0.001	-0.001	-0.001	-0.001	-0.001	-0.001	-0.001	-0.001	-0.001
-0.001	-0.001	-0.001	-0.001	-0.001	-0.001	-0.001	-0.001	-0.001	-0.001	-0.001	-0.001	-0.001	-0.001	-0.001	-0.001	-0.001
-0.001	-0.001	-0.001	-0.001	-0.001	-0.001	-0.001	-0.001	-0.001	-0.001	-0.001	-0.001	-0.001	-0.001	-0.001	-0.001	-0.001
-0.001	-0.001	-0.001	-0.001	-0.001	-0.001	-0.001	-0.001	-0.001	-0.001	-0.001	-0.001	-0.001	-0.001	-0.001	-0.001	-0.001
-0.001	-0.001	-0.001	-0.001	-0.001	-0.001	-0.001	-0.001	-0.001	-0.001	-0.001	-0.001	-0.001	-0.001	-0.001	-0.001	-0.001
-0.001	-0.001	-0.001	-0.001	-0.001	-0.001	-0.001	-0.001	-0.001	-0.001	-0.001	-0.001	-0.001	-0.001	-0.001	-0.001	-0.001
-0.001	-0.001	-0.001	-0.001	-0.001	-0.001	-0.001	-0.001	-0.001	-0.001	-0.001	-0.001	-0.001	-0.001	-0.001	-0.001	-0.001
-0.001	-0.001	-0.001	-0.001	-0.001	-0.001	-0.001	-0.001	-0.001	-0.001	-0.001	-0.001	-0.001	-0.001	-0.001	-0.001	-0.001
-0.001	-0.001	-0.001	-0.001	-0.001	-0.001	-0.001	-0.001	-0.001	-0.001	-0.001	-0.001	-0.001	-0.001	-0.001	-0.001	-0.001
-0.001	-0.001	-0.001	-0.001	-0.001	-0.001	-0.001	-0.001	-0.001	-0.001	-0.001	-0.001	-0.001	-0.001	-0.001	-0.001	-0.001
-0.001	-0.001	-0.001	-0.001	-0.001	-0.001	-0.001	-0.001	-0.001	-0.001	-0.001	-0.001	-0.001	-0.001	-0.001	-0.001	-0.001
-0.001	-0.001	-0.001	-0.001	-0.001	-0.001	-0.001	-0.001	-0.001	-0.001	-0.001	-0.001	-0.001	-0.001	-0.001	-0.001	-0.001
-0.001	-0.001	-0.001	-0.001	-0.001	-0.001	-0.001	-0.001	-0.001	-0.001	-0.001	-0.001	-0.001	-0.001	-0.001	-0.001	-0.001
-0.001	-0.001	-0.001	-0.001	-0.001	-0.001	-0.001	-0.001	-0.001	-0.001	-0.001	-0.001	-0.001	-0.001	-0.001	-0.001	-0.001
-0.001	-0.001	-0.001	-0.001	-0.001	-0.001	-0.001	-0.001	-0.001	-0.001	-0.001	-0.001	-0.001	-0.001	-0.001	-0.001	-0.001
-0.001	-0.001	-0.001	-0.001	-0.001	-0.001	-0.001	-0.001	-0.001	-0.001	-0.001	-0.001	-0.001	-0.001	-0.001	-0.001	-0.001
-0.001	-0.001	-0.001	-0.001	-0.001	-0.001	-0.001	-0.001	-0.001	-0.001	-0.001	-0.001	-0.001	-0.001	-0.001	-0.001	-0.001
-0.001	-0.001	-0.001	-0.001	-0.001	-0.001	-0.001	-0.001	-0.001	-0.001	-0.001	-0.001	-0.001	-0.001	-0.001	-0.001	-0.001
-0.001	-0.001	-0.001	-0.001	-0.001	-0.001	-0.001	-0.001	-0.001	-0.001	-0.001	-0.001	-0.001	-0.001	-0.001	-0.001	-0.001
-0.001	-0.001	-0.001	-0.001	-0.001	-0.001	-0.001	-0.001	-0.001	-0.001	-0.001	-0.001	-0.001	-0.001	-0.001	-0.001	-0.001
-0.001	-0.001	-0.001	-0.001	-0.001	-0.001	-0.001	-0.001	-0.001	-0.001	-0.001	-0.001	-0.001	-0.001	-0.001	-0.001	-0.001
-0.001	-0.001	-0.001	-0.001	-0.001	-0.001	-0.001	-0.001	-0.001	-0.001	-0.001	-0.001	-0.001	-0.001	-0.001	-0.001	-0.001
-0.001	-0.001	-0.001	-0.001	-0.001	-0.001	-0.001	-0.001	-0.001	-0.001	-0.001	-0.001	-0.001	-0.001	-0.001	-0.001	-0.001
-0.001	-0.001	-0.001	-0.001	-0.001	-0.001	-0.001	-0.001	-0.001	-0.001	-0.001	-0.001	-0.001	-0.001	-0.001	-0.001	-0.001
-0.001	-0.001	-0.001	-0.001	-0.001	-0.001	-0.001	-0.001	-0.001	-0.001	-0.001	-0.001	-0.001	-0.001	-0.001	-0.001	-0.001
-0.001	-0.001	-0.001	-0.001	-0.001	-0.001	-0.001	-0.001	-0.001	-0.001	-0.001	-0.001	-0.001	-0.001	-0.001	-0.001	-0.001
-0.001	-0.001	-0.001	-0.001	-0.001	-0.001	-0.001	-0.001	-0.001	-0.001	-0.001	-0.001	-0.001	-0.001	-0.001	-0.001	-0.001
-0.001	-0.001	-0.001	-0.001	-0.001	-0.001	-0.001	-0.001	-0.001	-0.001	-0.001	-0.001	-0.001	-0.001	-0.001	-0.001	-0.001
-0.001	-0.001	-0.001	-0.001	-0.001	-0.001	-0.001	-0.001	-0.001	-0.001	-0.001	-0.001	-0.001	-0.001	-0.001	-0.001	-0.001
-0.001	-0.001	-0.001	-0.001	-0.001	-0.001	-0.001	-0.001	-0.001	-0.001	-0.001	-0.001	-0.001	-0.001	-0.001	-0.001	-0.001
-0.001	-0.001	-0.001	-0.001	-0.001	-0.001	-0.001	-0.001	-0.001	-0.001	-0.001	-0.001	-0.001	-0.001	-0.001	-0.001	-0.001
-0.001	-0.001	-0.001	-0.001	-0.001	-0.001	-0.001	-0.001	-0.001	-0.001	-0.001	-0.001	-0.001	-0.001	-0.001	-0.001	-0.001
-0.001	-0.001	-0.001	-0.001	-0.001	-0.001	-0.001	-0.001	-0.001	-0.001	-0.001	-0.001	-0.001	-0.001	-0.001	-0.001	-0.001
-0.001	-0.001	-0.001	-0.001	-0.001	-0.001	-0.001	-0.001	-0.001	-0.001	-0.001	-0.001	-0.001	-0.001	-0.001	-0.001	-0.001
-0.001	-0.001	-0.001	-0.001	-0.001	-0.001	-0.001	-0.001	-0.001	-0.001	-0.001	-0.001	-0.001	-0.001	-0.001	-0.001	-0.001
-0.001	-0.001	-0.001	-0.001	-0.001	-0.001	-0.001	-0.001	-0.001	-0.001	-0.001	-0.001	-0.001	-0.001	-0.001	-0.001	-0.001
-0.001	-0.001	-0.001	-0.001	-0.001	-0.001	-0.001	-0.001	-0.001	-0.001	-0.001	-0.001	-0.001	-0.001	-0.001	-0.001	-0.001
-0.001	-0.001	-0.001	-0.001	-0.001	-0.001	-0.001	-0.001	-0.001	-0.001	-0.001	-0.001	-0.001	-0.001	-0.001	-0.001	-0.001
-0.001	-0.001	-0.001	-0.001	-0.001	-0.001	-0.001	-0.001	-0.001	-0.001	-0.001	-0.001	-0.001	-0.001	-0.001	-0.001	-0.001
-0.001	-0.001	-0.001	-0.001	-0.001	-0.001	-0.001	-0.001	-0.001	-0.001	-0.001	-0.001	-0.001	-0.001	-0.001	-0.001	-0.001
-0.001	-0.001	-0.001	-0.001	-0.001	-0.001	-0.001	-0.001	-0.001	-0.001	-0.001	-0.001	-0.001	-0.001	-0.001	-0.001	-0.001
-0.001	-0.001	-0.001	-0.001	-0.001	-0.001	-0.001	-0.001	-0.001	-0.001	-0.001	-0.001	-0.001	-0.001	-0.001	-0.001	-0.001
-0.001	-0.001	-0.001	-0.001	-0.001	-0.001	-0.001	-0.001	-0.001	-0.001	-0.001	-0.001	-0.001	-0.001	-0.001	-0.001	-0.001
-0.001	-0.001	-0.001	-0.001	-0.001	-0.001	-0.001	-0.001	-0.001	-0.001	-0.001	-0.001	-0.001	-0.001	-0.001	-0.001	-0.001
-0.001	-0.001	-0.001	-0.001	-0.001	-0.001	-0.001	-0.001	-0.001	-0.001	-0.001	-0.001	-0.001	-0.001	-0.001	-0.001	-0.001
-0.001	-0.001	-0.001	-0.001	-0.001	-0.001	-0.001	-0.001	-0.001	-0.001	-0.001	-0.001	-0.001	-0.001	-0.001	-0.001	-0.001
-0.001	-0.001	-0.001	-0.001	-0.001	-0.001	-0.001	-0.001	-0.001	-0.001	-0.001	-0.001	-0.001	-0.001	-0.001	-0.001	-0.001
-0.001	-0.001	-0.001	-0.001	-0.001	-0.001	-0.001	-0.001	-0.001	-0.001	-0.001	-0.001	-0.001	-0.001	-0.001	-0.001	-0.001
-0.001	-0.001	-0.001	-0.001	-0.001	-0.001	-0.001	-0.001	-0.001	-0.001	-0.001	-0.001	-0.001	-0.001	-0.001	-0.001	-0.001
-0.001	-0.001	-0.001	-0.001	-0.001	-0.001	-0.001	-0.001	-0.001	-0.001	-0.001	-0.001	-0.001	-0.001	-0.001	-0.001	-0.001
-0.001	-0.001	-0.001	-0.001	-0.001	-0.001	-0.001	-0.001	-0.001	-0.001	-0.001	-0.001	-0.001	-0.001	-0.001	-0.001	-0.001
-0.001	-0.001	-0.001	-0.001	-0.001	-0.001	-0.001	-0.001	-0.001	-0.001	-0.001	-0.001	-0.001	-0.001	-0.001	-0.001	-0.001
-0.001	-0.001	-0.001	-0.001	-0.001	-0.001	-0.001	-0.001	-0.001	-0.001	-0.001	-0.001	-0.001	-0.001	-0.001	-0.001	-0.001
-0.001	-0.001	-0.001	-0.001	-0.001	-0.001	-0.001	-0.001	-0.001	-0.001	-0.001	-0.001	-0.001	-0.001	-0.001	-0.001	-0.001
-0.001	-0.001	-0.001	-0.001	-0.001	-0.001	-0.001	-0.001	-0.001	-0.001	-0.001	-0.001	-0.001	-0.001	-0.001	-0.001	-0.001
-0.001	-0.001	-0.001	-0.001	-0.001	-0.001	-0.001	-0.001	-0.001	-0.001	-0.001	-0.001	-0.001	-0.001	-0.001	-0.001	-0.001
-0.001	-0.001	-0.001	-0.001	-0.001	-0.001	-0.001	-0.001	-0.001	-0.001	-0.001	-0.001	-0.001	-0.001	-0.001	-0.001	-0.001
-0.001	-0.001	-0.001	-0.001	-0.001	-0.001	-0.001	-0.001	-0.001	-0.001	-0.001	-0.001	-0.001	-0.001	-0.001	-0.001	-0.001
-0.001	-0.001	-0.001	-0.001	-0.001	-0.001	-0.001	-0.001	-0.001	-0.001	-0.001	-0.001	-0.001	-0.001	-0.001	-0.001	-0.001
-0.001	-0.001	-0.001	-0.001	-0.001	-0.001	-0.001	-0.001	-0.001	-0.001	-0.001	-0.001	-0.001	-0.001	-0.001	-0.001	-0.001
-0.001	-0.001	-0.001	-0.001	-0.001	-0.001	-0.001	-0.001	-0.001	-0.001	-0.001	-0.001	-0.001	-0.001	-0.001	-0.001	-0.001
-0.001	-0.001	-0.001	-0.001	-0.001	-0.001	-0.001	-0.001	-0.001	-0.001	-0.001	-0.001	-0.001	-0.001	-0.001	-0.001	-0.001
-0.001	-0.001	-0.001	-0.001	-0.001	-0.001	-0.001	-0.001	-0.001	-0.001	-0.001	-0.001	-0.001	-0.001	-0.001	-0.001	-0.001
-0.001	-0.001	-0.001	-0.001	-0.001	-0.001	-0.001	-0.001	-0.001	-0.001	-0.001	-0.001	-0.001	-0.001	-0.001	-0.001	-0.001
-0.001	-0.001	-0.001	-0.001	-0.001	-0.001	-0.001	-0.001	-0.001	-0.001	-0.001	-0.001	-0.001	-0.001	-0.001	-0.001	-0.001
-0.001	-0.001	-0.001	-0.001	-0.001	-0.001	-0.001	-0.001	-0.001	-0.001	-0.001	-0.001	-0.001	-0.001	-0.001	-0.001	-0.001
-0.001	-0.001	-0.001	-0.001	-0.001	-0.001	-0.001	-0.001	-0.001	-0.001	-0.001	-0.001	-0.001	-0.001	-0.001	-0.001	-0.001
-0.001	-0.001	-0.001	-0.001	-0.001	-0.001	-0.001	-0.001	-0.001	-0.001	-0.001	-0.001	-0.001	-0.001	-0.001	-0.001	-0.001
-0.001	-0.001	-0.001	-0.001	-0.001	-0.001	-0.001	-0.001	-0.001	-0.001	-0.001	-0.001	-0.001	-0.001	-0.001	-0.001	-0.001
-0.001	-0.001	-0.001	-0.001	-0.001	-0.001	-0.001	-0.001	-0.001	-0.001	-0.001	-0.001	-0.001	-0.001	-0.001	-0.001	-0.001
-0.001	-0.001	-0.001	-0.001	-0.001	-0.001	-0.001	-0.001	-0.001	-0.001	-0.001	-0.001	-0.001	-0.001	-0.001	-0.001	-0.001
-0.001	-0.001	-0.001	-0.001	-0.001	-0.001	-0.001	-0.001	-0.001	-0.001	-0.001	-0.001	-0.001	-0.001	-0.001	-0.001	-0.001
-0.001	-0.001	-0.001	-0.001	-0.001	-0.001	-0.001	-0.001	-0.001	-0.001	-0.001	-0.001	-0.001	-0.001	-0.001	-0.001	-0.001
-0.001	-0.001	-0.001	-0.001	-0.001	-0.001	-0.001	-0.001	-0.001	-0.001	-0.001	-0.001	-0.001	-0.001	-0.001	-0.001	-0.001
-0.001	-0.001	-0.001	-0.001	-0.001	-0.001	-0.001	-0.001	-0.001	-0.001	-0.001	-0.001	-0.001	-0.001	-0.001	-0.001	-0.001
-0.001	-0.001	-0.001	-0.001	-0.001	-0.001	-0.001	-0.001	-0.001	-0.001	-0.001	-0.001	-0.001	-0.001	-0.001	-0.001	-0.001
-0.001	-0.001	-0.001	-0.001	-0.001	-0.001	-0.001	-0.001	-0.001	-0.001	-0.001	-0.001	-0.001	-0.001	-0.001	-0.001	-0.001
-0.001	-0.001	-0.001	-0.001	-0.001	-0.001	-0.001	-0.001	-0.001	-0.001	-0.001	-0.001	-0.001	-0.001	-0.001	-0.001	-0.001
-0.001	-0.001	-0.001	-0.001	-0.001	-0.001	-0.001	-0.001	-0.001	-0.001	-0.001	-0.001	-0.001	-0.001	-0.001	-0.001	-0.001
-0.001	-0.001	-0.001	-0.001	-0.001	-0.001	-0.001	-0.001	-0.001	-0.001	-0.001	-0.001	-0.001	-0.001	-0.001	-0.001	-0.001
-0.001	-0.001	-0.001	-0.001	-0.001	-0.001	-0.001	-0.001	-0.001	-0.001	-0.001	-0.001	-0.001	-0.001	-0.001	-0.001	-0.001
-0.001	-0.001	-0.001	-0.001	-0.001	-0.001	-0.001	-0.001	-0.001	-0.001	-0.001	-0.001	-0.001	-0.001	-0.001	-0.001	-0.001
-0.001	-0.001	-0.001	-0.001	-0.001	-0.001	-0.001	-0.001	-0.001	-0.001	-0.001	-0.001	-0.001	-0.001	-0.001	-0.001	-0.001
-0.001	-0.001	-0.001	-0.001	-0.001	-0.001	-0.001	-0.001	-0.001	-0.001	-0.001	-0.001	-0.001	-0.001	-0.001	-0.001	-0.001
-0.001	-0.001	-0.001	-0.001	-0.001	-0.001	-0.001	-0.001	-0.001	-0.001	-0.001	-0.001	-0.001	-0.001	-0.001	-0.001	-0.001
-0.001	-0.001	-0.001	-0.001	-0.001	-0.001	-0.001	-0.001	-0.001	-0.001	-0.001	-0.001	-0.001	-0.001	-0.001	-0.001	-0.001
-0.001	-0.001	-0.001	-0.001	-0.001	-0.001	-0.001	-0.001	-0.001	-0.001	-0.001	-0.001	-0.001	-0.001	-0.001	-0.001	-0.001
-0.001	-0.001	-0.001	-0.001	-0.001	-0.001	-0.001	-0.001	-0.001	-0.001	-0.001	-0.001	-0.001	-0.001	-0.001	-0.001	-0.001
-0.001	-0.001	-0.001	-0.001	-0.001	-0.001	-0.001	-0.001	-0.001	-0.001	-0.001	-0.001	-0.001	-0.001	-0.001	-0.001	-0.001
-0.001	-0.001	-0.001	-0.001	-0.001	-0.001	-0.001	-0.001	-0.001	-0.001	-0.001	-0.001	-0.001	-0.001	-0.001	-0.001	-0.001
-0.001	-0.001	-0.001	-0.001	-0.001	-0.001	-0.001	-0.001	-0.001	-0.001	-0.001	-0.001	-0.001	-0.001	-0.001	-0.001	-0.001
-0.001	-0.001	-0.001	-0.001	-0.001	-0.001	-0.001	-0.001	-0.001	-0.001	-0.001	-0.001	-0.001	-0.001	-0.001	-0.001	-0.001
-0.001	-0.001	-0.001	-0.001	-0.001	-0.001	-0.001	-0.001	-0.001	-0.001	-0.001	-0.001	-0.001	-0.001	-0.001	-0.001	-0.001
-0.001	-0.001	-0.001	-0.001	-0.001	-0.001	-0.001	-0.001	-0.001	-0.001	-0.001	-0.001	-0.001	-0.001	-0.001	-0.001	-0.001
-0.001	-0.001	-0.001	-0.001	-0.001	-0.001	-0.001	-0.001	-0.001	-0.001	-0.001	-0.001	-0.001	-0.001	-0.001	-0.001	-0.001
-0.001	-0.001	-0.001	-0.001	-0.001	-0.001	-0.001	-0.001	-0.001	-0.001	-0.001	-0.001	-0.001	-0.001	-0.001	-0.001	-0.001
-0.001	-0.001	-0.001	-0.001	-0.001	-0.001	-0.001	-0.001	-0.001	-0.001	-0.001	-0.001	-0.001	-0.001	-0.001	-0.001	-0.001
-0.001	-0.001	-0.001	-0.001	-0.001	-0.001	-0.001	-0.001	-0.001	-0.001	-0.001	-0.001	-0.001	-0.001	-0.001	-0.001	-0.001
-0.001	-0.001	-0.001	-0.001	-0.001	-0.001	-0.001	-0.001	-0.001	-0.001	-0.001	-0.001	-0.001	-0.001	-0.001	-0.001	-0.001
-0.001	-0.001	-0.001	-0.001	-0.001	-0.001	-0.001	-0.001	-0.001	-0.001	-0.001	-0.001	-0.001	-0.001	-0.001	-0.001	-0.001
-0.001	-0.001	-0.001	-0.001	-0.001	-0.001	-0.001	-0.001	-0.001	-0.001	-0.001	-0.001	-0.001	-0.001	-0.001	-0.001	-0.001
-0.001	-0.001	-0.001	-0.001	-0.001	-0.001	-0.001	-0.001	-0.001	-0.001	-0.001	-0.001	-0.001	-0.001	-0.001	-0.001	-0.001
-0.001	-0.001	-0.001	-0.001	-0.001	-0.001	-0.001	-0.001	-0.001	-0.001	-0.001	-0.001	-0.001	-0.001	-0.001	-0.001	-0.001
-0.001	-0.001	-0.001	-0.001	-0.001	-0.001	-0.001	-0.001	-0.001	-0.001	-0.001	-0.001	-0.001	-0.001	-0.001	-0.001	-0.001
-0.001	-0.001	-0.001	-0.001	-0.001	-0.001	-0.001	-0.001	-0.001	-0.001	-0.001	-0.001	-0.001	-0.001	-0.001	-0.001	-0.001
-0.001	-0.001	-0.001	-0.001	-0.001	-0.001	-0.001	-0.001	-0.001	-0.001	-0.001	-0.001	-0.001	-0.001	-0.001	-0.001	-0.001
-0.001	-0.001	-0.001	-0.001	-0.001	-0.001	-0.001	-0.001	-0.001	-0.001	-0.001	-0.001	-0.001	-0.001	-0.001	-0.001	-0.001
-0.001	-0.001	-0.001	-0.001	-0.001	-0.001	-0.001	-0.001	-0.001	-0.001	-0.001	-0.001	-0.001	-0.001	-0.001	-0.001	-0.001
-0.001	-0.001	-0.001	-0.001	-0.001	-0.001	-0.001	-0.001	-0.001	-0.001	-0.001	-0.001	-0.001	-0.001	-0.001	-0.001	-0.001
-0.001	-0.001	-0.001	-0.001	-0.001	-0.001	-0.001	-0.001	-0.001	-0.001	-0.001	-0.001	-0.001	-0.001	-0.001	-0.001	-0.001
-0.001	-0.001	-0.001	-0.001	-0.001	-0.001	-0.001	-0.001	-0.001	-0.001	-0.001	-0.001	-0.001	-0.001	-0.001	-0.001	-0.001
-0.001	-0.001	-0.001	-0.001	-0.001	-0.001	-0.001	-0.001	-0.001	-0.001	-0.001	-0.001	-0.001	-0.001	-0.001	-0.001	-0.001
-0.001	-0.001	-0.001	-0.001	-0.001	-0.001	-0.001	-0.001	-0.001	-0.001	-0.001	-0.001	-0.001	-0.001	-0.001	-0.001	-0.001
-0.001	-0.001	-0.001	-0.001	-0.001	-0.001	-0.001	-0.001	-0.001	-0.001	-0.001	-0.001	-0.001	-0.001	-0.001	-0.001	-0.001
-0.001	-0.001	-0.001	-0.001	-0.001	-0.001	-0.001	-0.001	-0.001	-0.001	-0.001	-0.001	-0.001	-0.001	-0.001	-0.001	-0.001
-0.001	-0.001	-0.001	-0.001	-0.001	-0.001	-0.001	-0.001	-0.001	-0.001	-0.001	-0.001	-0.001	-0.001	-0.001	-0.001	-0.001
-0.001	-0.001	-0.001	-0.001	-0.001	-0.001	-0.001	-0.001	-0.001	-0.001	-0.001	-0.001	-0.001	-0.001	-0.001	-0.001	-0.001
-0.001	-0.001	-0.001	-0.001	-0.001	-0.001	-0.001	-0.001	-0.001	-0.001	-0.001	-0.001	-0.001	-0.001	-0.001	-0.001	-0.001
-0.001	-0.001	-0.001	-0.001	-0.001	-0.001	-0.001	-0.001	-0.001	-0.001	-0.001	-0.001	-0.001	-0.001	-0.001	-0.001	-0.001
-0.001	-0.001	-0.001	-0.001	-0.001	-0.001	-0.001	-0.001	-0.001	-0.001	-0.001	-0.001	-0.001	-0.001	-0.001	-0.001	-0.001
-0.001	-0.001	-0.001	-0.001	-0.001	-0.001	-0.001	-0.001	-0.001	-0.001	-0.001	-0.001	-0.001	-0.001	-0.001	-0.001	-0.001
-0.001	-0.001	-0.001	-0.001	-0.001	-0.001	-0.001	-0.001	-0.001	-0.001	-0.001	-0.001	-0.001	-0.001	-0.001	-0.001	-0.001
-0.001	-0.001	-0.001	-0.001	-0.001	-0.001	-0.001	-0.001	-0.001	-0.001	-0.001	-0.001	-0.001	-0.001	-0.001	-0.001	-0.001
-0.001	-0.001	-0.001	-0.001	-0.001	-0.001	-0.001	-0.001	-0.001	-0.001	-0.001	-0.001	-0.001	-0.001	-0.001	-0.001	-0.001
-0.001	-0.001	-0.001	-0.001	-0.001	-0.001	-0.001	-0.001	-0.001	-0.001	-0.001	-0.001	-0.001	-0.001	-0.001	-0.001	-0.001
-0.001	-0.001	-0.001	-0.001	-0.001	-0.001	-0.001	-0.001	-0.001	-0.001	-0.001	-0.001	-0.001	-0.001	-0.001	-0.001	-0.001
-0.001	-0.001	-0.001	-0.001	-0.001	-0.001	-0.001	-0.001	-0.001	-0.001	-0.001	-0.001	-0.001	-0.001	-0.001	-0.001	-0.001
-0.001	-0.001	-0.001	-0.001	-0.001	-0.001	-0.001	-0.001	-0.001	-0.001	-0.001	-0.001	-0.001	-0.001	-0.001	-0.001	-0.001
-0.001	-0.001	-0.001	-0.001	-0.001	-0.001	-0.001	-0.001	-0.001	-0.001	-0.001	-0.001	-0.001	-0.001	-0.001	-0.001	-0.001
-0.001	-0.001	-0.001	-0.001	-0.001	-0.001	-0.001	-0.001	-0.001	-0.001	-0.001	-0.001	-0.001	-0.001	-0.001	-0.001	-0.001
-0.001	-0.001	-0.001	-0.001	-0.001	-0.001	-0.001	-0.001	-0.001	-0.001	-0.001	-0.001	-0.001	-0.001	-0.001	-0.001	-0.001
-0.001	-0.001	-0.001	-0.001	-0.001	-0.001	-0.001	-0.001	-0.001	-0.001	-0.001	-0.001	-0.001	-0.001	-0.001	-0.001	-0.001
-0.001	-0.001	-0.001	-0.001	-0.001	-0.001	-0.001	-0.001	-0.001	-0.001	-0.001	-0.001	-0.001	-0.001	-0.001	-0.001	-0.001
-0.001	-0.001	-0.001	-0.001	-0.001	-0.001	-0.001	-0.001	-0.001	-0.001	-0.001	-0.001	-0.001	-0.001	-0.001	-0.001	-0.001
-0.001	-0.001	-0.001	-0.001	-0.001	-0.001	-0.001	-0.001	-0.001	-0.001	-0.001	-0.001	-0.001	-0.001	-0.001	-0.001	-0.001
-0.001	-0.001	-0.001	-0.001	-0.001	-0.001	-0.001	-0.001	-0.001	-0.001	-0.001	-0.001	-0.001	-0.001	-0.001	-0.001	-0.001
-0.001	-0.001	-0.001	-0.001	-0.001	-0.001	-0.001	-0.001	-0.001	-0.001	-0.001	-0.001	-0.001	-0.001	-0.001	-0.001	-0.001
-0.001	-0.001	-0.001	-0.001	-0.001	-0.001	-0.001	-0.001	-0.001	-0.001	-0.001	-0.001	-0.001	-0.001	-0.001	-0.001	-0.001
-0.001	-0.001	-0.001	-0.001	-0.001	-0.001	-0.001	-0.001	-0.001	-0.001	-0.001	-0.001	-0.001	-0.001	-0.001	-0.001	-0.001
-0.001	-0.001	-0.001	-0.001	-0.001	-0.001	-0.001	-0.001	-0.001	-0.001	-0.001	-0.001	-0.001	-0.001	-0.001	-0.001	-0.001
-0.001	-0.001	-0.001	-0.001	-0.001	-0.001	-0.001	-0.001	-0.001	-0.001	-0.001	-0.001	-0.001	-0.001	-0.001	-0.001	-0.001
-0.001	-0.001	-0.001	-0.001	-0.001	-0.001	-0.001	-0.001	-0.001	-0.001	-0.001	-0.001	-0.001	-0.001	-0.001	-0.001	-0.001
-0.001	-0.001	-0.001	-0.001	-0.001	-0.001	-0.001	-0.001	-0.001	-0.001	-0.001	-0.001	-0.001	-0.001	-0.001	-0.001	-0.001
-0.001	-0.001	-0.001	-0.001	-0.001	-0.001	-0.001	-0.001	-0.001	-0.001	-0.001	-0.001	-0.001	-0.001	-0.001	-0.001	-0.001
-0.001	-0.001	-0.001	-0.001	-0.001	-0.001	-0.001	-0.001	-0.001	-0.001	-0.001	-0.001	-0.001	-0.001	-0.001	-0.001	-0.001
-0.001	-0.001	-0.001	-0.001	-0.001	-0.001	-0.001	-0.001	-0.001	-0.001	-0.001	-0.001	-0.001	-0.001	-0.001	-0.001	-0.001
0.0	0.0	0.02699143888579122	0.012678019085355374	0.10906118250831186	0.02362236412597322	0.036807138291846786	0.003505615149582693	0.06591500891452477	0.7	0.0	0.0035964292067902264	0.0	0.0	0.006995421281999023	4.259397494320065e-05	0.010784788574881568
0.06483778074915515	0.00907594629682862	0.0	0.023293047048424702	0.010360152922693015	0.07377124194294293	0.013663553155388787	0.013284384925904663	0.031078807078740958	0.0	0.0	0.04035590169611503	0.0	0.016924226063056432	0.0	0.7	0.0033549581207497447
0.0	0.046023751704892445	0.015557065349166035	0.009231908870263102	0.008320769803697958	0.005541868741269598	0.03252323661164579	0.02401325070612378	0.0	0.0	0.08071297803625976	0.7	0.0013039651704299764	0.06404388016433388	0.012727324841917723	0.0	0.0
0.013774743676016311	0.048587604785804844	0.0	0.0	0.003988980028323968	0.0	0.005845477618251839	0.0042447556991123256	0.00240224589510737	0.02572629646738742	0.015092816848867029	0.0	0.7	0.020533165357174126	0.09174123848941733	0.06806267513453743	0.0
0.04947117532087289	0.02970153210854475	0.0007467599911812281	0.0	0.003792047540793556	0.00509586462562633	0.0	0.037518294718626256	0.0	0.09569461467708935	0.039101085079039595	0.03820016821553101	0.0	0.0001953012944415193	0.0004831564282534685	0.7	0.0
0.0	0.7	0.03448021441992929	0.011868599141452683	0.0	0.049251746839685105	0.0	0.011850505699353153	0.044308114164387534	0.0	0.046434466889574685	0.014243066635961898	0.0	0.01039331490457377	0.010809962321729682	0.028048237018393037	0.0383117719649592
0.0	0.058270445234096184	0.0	0.7	0.010776301441581298	0.012017148013870601	0.007536838562286382	0.0	0.0013326209150226703	0.045660890095255875	0.04003404687941366	0.0077809512632255355	0.0	0.02789253927829923	0.023306492091234345	0.06539172622571421	0.0
0.012083500463265721	0.05174624577637994	0.7	0.0	0.0	0.016738555195726555	0.056428412366359496	0.013041884223977675	0.040183910352653944	0.0	0.0	0.0	0.033865605743077176	0.008362740936333971	0.0033437860338683405	0.03894890200661464	0.025256456901742507
0.021861512855428932	0.0011715540646135524	0.0	0.07162079285322162	0.014290209010656906	0.07603967386203177	0.01431540000161831	0.0	0.0	0.05648829560594883	0.0	0.007757614030522538	0.016031404507990475	0.017060430810154098	0.0033631123978130045	0.7	0.0
0.06786259074576774	0.008631100363529431	0.0	0.04658564117542782	0.0	0.0	0.7	0.01009344466651052	0.012032207519916056	0.027743046498863295	0.0	0.004729466713625552	0.026193964237635935	0.0	0.035120883082388366	0.023478505333800064	0.0375291496625352
0.0964950934030965	0.027135569266029873	0.007372919346224711	0.0	0.7	0.0	0.049521124265707823	0.0001588214367485789	0.0	0.0024590085585452282	0.00803875083858362	0.0	0.049516402454746686	0.0033309616358924046	0.0	0.009232957443097016	0.046738391351327506
0.0	0.0013465424583634215	0.019177582419159362	0.7	0.006933616193227558	0.0	0.0	0.058963804415025425	0.0	0.014023923916812547	0.0	0.03012764345676204	0.009452983401286082	0.0070635007632167505	0.006547644618736809	0.06911543291314486	0.0772473254442652
0.0606395500934161	0.0	0.0	0.0022916021161493074	0.02582505124827685	0.0	0.7	0.02593670015632191	0.003211742038814143	0.016417334998651154	0.0	0.004014548275682892	0.01425560981081321	0.07500169116918724	0.045040697554960575	0.02736547253772664	0.0
0.024096929684020798	0.026451153590605656	0.04248385950222212	0.0	0.0007735620558818667	0.0	0.05952378725931828	0.044534958809847036	0.0	0.0138088880211024	0.013695185390368316	0.0	0.06869965851641399	0.0	0.7	0.0013125445227735308	0.0046194726474459895
0.02001825173103079	0.00019963261084660945	0.0	0.03799302112490116	0.7	0.0	0.016399147034046862	0.0077621090975909975	0.029554667717359186	0.0	0.0	0.037482882014416165	0.0	0.07319245990171072	0.05940084476261612	0.0017737703570173556	0.016223213648464078
0.0005950153067007005	0.004988026957090915	0.007734974074876406	0.020440512880162697	0.04277997547900341	0.08402365659891056	0.0012890437098489402	0.0	0.019249721463465607	0.0	0.0	0.7	0.0	0.0	0.030218279688479267	0.072685754262571	0.01599503957889042
0.009601668005110203	0.0	0.06643148689070155	0.005288269275521115	0.07810460337315576	0.0022700082818310837	0.020458114043297792	0.024725142882765443	0.0	0.0014536600849133733	0.7	0.0	0.0	0.018681703949975363	0.018732357058193108	0.05425298615453521	0.0
0.0	0.002532132399537356	0.002704999728583926	0.05424849089115421	0.045830582927629475	0.7	0.005600835080049041	0.0	0.0	0.0	0.029850581867252007	0.07882438483060324	0.04681688960208528	0.02019239083696932	0.005303454457856128	0.0	0.008095257378280001
0.0793196082776056	0.013183382774270731	0.0	0.07337416447668804	0.005964510087103584	0.009949070846776353	0.7	0.0018541953783405916	0.025787585775209308	0.027530596005956	0.0	0.0	0.0	0.036748394164425886	0.01506869250594194	0.011219799707681942	0.0
0.0	0.0003634648485704773	0.0	0.0	0.0544667455600623	0.04057440002404273	0.016961569258631962	0.07730555195561056	0.02753215570245798	0.0	0.017589766694371154	0.7	0.0	0.02365338694014224	0.0103941867758016	0.023305108240648176	0.007853663999660818
0.006724217342785098	0.00818624268748389	0.0	0.7	0.0	0.005862151908326655	0.0	0.0	0.006359339035481209	0.08530493114877719	0.023053562668034582	0.05222355377829657	0.0	0.07018991083050884	0.0076003330150787585	0.0193695922602298	0.015126165324997397
0.029332797332442363	0.05240501562953089	0.02518277622429588	0.0	0.0	0.0	0.09670381618403853	0.035092631331534875	0.0011341086341674202	0.7	0.014607265478926943	0.005781566946673478	0.009122313109792427	0.010847075713630553	0.019790633414966608	0.0	0.0
0.01957814157558808	0.0658854622524034	0.0	0.0076655475212229355	0.025010406072242978	0.7	0.0	0.058933415840069864	0.021033574736041522	0.02577356058793385	0.006964506572108848	0.03819802454198066	0.0	0.0	0.0	0.000759810699138532	0.03019754960126931
0.03168716512933707	0.030712468918758562	0.0016033948196820342	0.010150349863103172	0.0	0.0	0.007983995743045409	0.01813571192631123	0.017820086904549923	0.0	0.01139520560822538	0.012117983668856027	0.10261511765372357	0.7	0.0	0.05577851976440756	0.0
0.7	0.020952240042051675	0.0153290965526167	0.0	0.03138796707159104	0.03537368509371897	0.016601944702081265	0.0001284390201277357	0.017768349060059883	0.03427813709602292	0.0020651227532541214	0.0	0.11783143148511649	0.0	0.008283587123359203	0.0	0.0
0.025084731741534343	0.0	0.01688580966998422	0.05604619868613777	0.0	0.01572460448293428	0.7	0.0419079854898877	0.0057103823204350136	0.02311531015388579	0.07314759311229649	0.03997593019337938	0.0	0.00011559775176069173	0.002285856397764321	0.0	0.0
0.03442071919564815	0.004937914689771355	0.010420451871567758	0.017055315734895726	0.7	0.0028714224856108135	0.0	0.029913629733773005	0.0	0.0	0.0	0.03163770754967791	0.0	0.006026281267899073	0.031063222101504445	0.033491347845076666	0.09816198752457511
0.0	0.058309933048611956	0.03117504283583407	0.041262547453288494	0.023253825494014887	0.0	0.0	0.7	0.015114979244089846	0.0	0.0036522300336113834	0.011087189823378916	0.025897835136912416	0.024782111995052047	0.0	0.06467589244312949	0.0007884124920764511
0.008704248662191235	0.0	0.0	0.013887014946083116	0.10218801028244864	0.0	0.027816868055349876	0.08854509645257382	0.008860123313454902	0.02973963850443753	0.0	0.004633598708985014	0.0005183746663907723	0.0016251756220660087	0.013481850786019057	0.7	0.0
0.7	0.03204872319688633	0.0020643064530986763	0.07581824965484166	0.0060167439359897126	0.0	0.0	0.001886302346049461	0.012824876935941708	0.0	0.0	0.07386219510333368	0.02319955212074568	0.032760024940088596	0.030368645828927884	0.009150379484096707	0.0
0.0036210163021624217	0.023237432568343225	0.03073557548648756	0.7	0.016872757841825174	0.04893671824229972	0.0234950611087886	0.0	0.0	0.015195871302781836	0.0	0.011873752308982294	0.023437719427382018	0.0	0.034734526233864284	0.0	0.06785956917708286
0.004569072121740091	0.04314133043888551	0.0766605784494845	0.023616748805298973	0.0051032602690261825	0.04821069587564411	0.0	0.7	0.027009643072750184	0.0	0.03439581660187997	0.0	0.0	0.0	0.022720579922434325	0.005508806827066217	0.009063467615789933
0.0	0.016541909929175667	0.04594545530846622	0.0	0.0	0.0	0.7	0.053171928823624974	0.05942218642251625	0.024797046186437657	0.011220005302142715	0.0022156787718603447	0.0014816925162573636	0.030021207029177693	0.04474762034299453	0.010435269367346596	0.0
0.01347509733372178	0.04807645573385134	0.0	0.7	0.0	0.0219050913197992	0.027872612726491386	0.03175091825833754	0.03333647116846753	0.03364230811236845	0.0	0.03250689945236276	0.007824071493352087	0.0	0.0	0.008215621013533358	0.04139445338771453
0.011159244965177026	0.010338321849415018	0.006346480861542997	0.014530676575781712	0.0	0.02332981837955422	0.7	0.0	0.05664521079373016	0.0	0.033697030620832825	0.08964094306147634	0.0	0.0005760407922558701	0.0	0.015399598098778484	0.038336634001455296
0.01234698313863912	0.0928361825879372	0.0010760831071968484	0.018575847596312846	0.010907553709943386	0.0	0.0027786920736155144	0.028770647725373973	0.02447250042600763	0.0	0.7	0.0	0.004906044558629549	0.0	0.010794579351835382	0.0	0.09253488572450859
0.018357569237659556	0.0	0.0	0.0	0.01493926062129414	0.0	0.031514608120569075	0.017071110597867138	0.0	0.0643721446363451	0.08002854829828233	0.013839687404201207	0.7	0.02631059914108508	0.011495641982030428	0.015437631323931247	0.006633198636734663
0.0	0.0	0.020626422637461915	0.032684254782546274	0.0	0.0023309422423970936	0.022190366319902795	0.04619368905652735	0.001438176157922049	0.0	0.7	0.0074887976403492824	0.0	0.023086780587969598	0.05279851850271146	0.07217457971810766	0.018987472354104553
0.005785572824541024	0.7	0.007537747605764588	0.10509967026905953	0.0	0.02575489501642456	0.013300367520744458	0.0	0.008480760195356825	0.0	0.005128992348005728	0.0	0.037198573250899127	0.0	0.027577449487489466	0.03372972859710027	0.03040624288461436
0.0	0.024575682571540837	0.014790692380836051	0.05601800565671412	0.7	0.05831420303617326	0.006246594245547591	0.0020827342234024976	0.0	0.0059654540411022495	0.0	0.0030764839200455164	0.06888615386906057	0.0	0.028995087061363736	0.0	0.031048908994213514
0.0	0.0	0.006866024294684945	0.010311990627656692	0.7	0.0240921030809974	0.06442388257291061	0.004617057805281195	0.030182686075718862	0.02910949359529014	0.004114404867445362	0.0	0.0	0.011545988878095317	0.0	0.06677675823303333	0.04795960996888618
0.034047294140424296	0.013518851927740183	0.0	0.05714143725835419	0.014766663821408095	0.0	0.015605191751657092	0.7	0.019152282943860306	0.0	0.03986687231536762	0.036830880335425885	0.0	0.0	0.049366715268384695	0.0033775454593868368	0.01632626477799082
0.0014002593926505094	0.009655358757137337	0.024512007257791523	0.0	0.0	0.029874044953011963	0.01658136562082938	0.003041757219617765	0.0	0.0	0.025685771544919897	0.7	0.0	0.011784701486349886	0.03218873395615024	0.12310580806422605	0.022170191747315406
0.03240341166645428	0.0	0.0	0.0	0.004396589473709389	0.0028716254259861396	0.031802859383534984	0.010842313490619043	0.7	0.0	0.033069004029026704	0.006396043897718665	0.0	0.12427827617177178	0.0016322942577650346	0.0327624604411397	0.019545121762274225
0.021857037379733286	0.0	0.03152338091996306	0.0010950210198196163	0.0063897397163202516	0.01483056776728441	0.11585071625551925	0.0	0.7	0.0	0.003951510391656596	0.014026520582677008	0.020759529991420108	0.0	0.0	0.06224899734086195	0.007466978634744478
0.04512159183611925	0.0	0.0	0.015868620124093666	0.00932942067669747	0.031795461944486805	0.03901060130172734	0.0	0.07847721281072363	0.0	0.03927073277607726	0.0	0.015252658207211804	0.004474929583929731	0.008582595769158659	0.012816174969774396	0.7
0.06222398181941975	0.0	0.0	0.0	0.007110064658999033	0.0	0.013866123406235244	0.03984447716099092	0.04561301573742883	0.05202443631262269	0.0008822062191825644	0.7	0.0	0.002204826936824107	0.009589780160731712	0.0005871693546058732	0.06605391823295927
0.0	0.7	0.008815553343441933	0.01999353012621104	0.08916445653230459	0.03796761000784956	0.00967294948750522	0.043920157681963314	0.0	0.004161635762646627	0.06534850597187482	0.0	0.007491129913363419	0.0	0.0	0.0034185324689702946	0.010045938703869123
0.0	0.007161614177092964	0.0	0.026102562993243986	0.007723004100388596	0.7	0.022735865394476796	0.01346935952190549	0.0001509301950453151	0.11509062745935716	0.0	0.0004169639430788595	0.043795028463687435	0.0	0.0	0.009353514488012096	0.054000529263711246
0.04487638856921529	0.0033633046550096283	0.0694203470723219	0.008883897960012278	0.0032387996701097725	0.06413375550227607	0.0019189353712480962	0.012675329202611389	0.0	0.03367111504722408	0.0	0.0	0.7	0.024202225226870027	0.0	0.0	0.03361590172310147
0.032639879560905	0.0	0.002757095962774115	0.0	0.025668179959073695	0.0	0.003217451134106571	0.0	0.001608497579887916	0.014800772655926085	0.7	0.0686873358815888	0.01909906279086756	0.02165213954936719	0.016941052235143143	0.09292853269035992	0.0
0.0	0.0	0.0	0.02164776160614454	0.7	0.0	0.04297705933977874	0.0011896605531975684	0.029768406167428388	0.033738662315084766	0.0029790099896619803	0.02509511516991712	0.04179050122327052	0.052761899124988285	0.0	0.03160749260814919	0.01644443190237892
0.7	0.03321499839471532	0.04177177689268038	0.0	0.0012751194060684067	0.004080469609496989	0.0	0.02399108018539251	0.025120327211862224	0.03347046123687641	0.0	0.07830332236364639	0.0	0.00961943448257332	0.04435161477741117	0.004801395439276878	0.0
0.0	0.008587744813178767	0.002809465339962528	0.005102418713013036	0.7	0.023191010276652525	0.08191312832869428	0.014410358469238615	0.07077640940456638	0.0	0.0	0.02594248573692649	0.023631178908303428	0.03887799567664003	0.0	0.0	0.004757804332823922
0.020447366800790765	0.0	0.0578466453868958	0.0	0.006179396502686846	0.0	0.0	0.012734441285302016	0.7	0.01871642474126911	0.0	0.03295048946466273	0.047006446074363106	0.007352968168700316	0.018563346677147596	0.008983642326202681	0.06921883257197897
0.0	0.0	0.007810423999539734	0.05810021491298245	0.02471389408250783	0.05020019427164692	0.05485151998554936	0.0217781432157221	0.0	0.04038032418923576	0.7	0.003946892129709083	0.0	0.0	0.006748193698332684	0.013987515934773579	0.017482683580000522
0.008464799826187861	0.0	0.0	0.023024779766880162	0.03979663889030188	0.07363373477958235	0.019375771451111707	0.7	0.005369954120689112	0.019946830777764407	0.012936880662415778	0.0392461105200213	0.049159172376276504	0.0	0.0	0.009045326828768954	0.0
0.0	0.020308818151143392	0.07699655323262204	0.048939279726435476	0.019642460657801085	0.0	0.0	0.05616423677686289	0.017325573309319494	0.0028038310882864	0.0	0.7	0.0	0.010510482576662749	0.027491127715039483	0.013256462282542682	0.0065611744832842775
0.0	0.009540604751668643	0.0	0.006262758133428749	0.0	7.29614741518875e-05	0.0010357997715763846	0.06360793908536391	0.030063465439893584	0.0	0.0036814193898502085	0.7	0.03062265792036508	0.0	0.05056815847142206	0.03545459818716097	0.0690896373751185
0.019041458896155015	0.0010745632622829854	0.7	0.06741362996772274	0.04743146566684421	0.00697332791617065	0.0	0.011375541747723436	0.0	0.0	0.0	0.007667939059381402	0.01926975178878223	0.0044140581791580645	0.03898052815697044	0.07635773535880885	0.0
0.0	0.0	0.7	0.0	0.0043649053695295915	0.0	0.003337769111227893	0.022041546052787547	0.017771626824168985	0.08448878778291544	0.05204418715130011	0.0	0.011526419002142727	0.012857875507628203	0.0632349218606543	0.021110398347063828	0.007221562990581348
0.015316656992360747	0.0682366290133568	0.0	0.004992458330961461	0.0	0.0	0.09823923055600492	0.009079797271798534	0.014801775282621624	0.04978670790321179	0.7	0.0	0.012743071327753113	0.006239334312818721	0.004870057382372023	0.015694281626740206	0.0
0.004346426733903022	0.003921133995504249	0.0	0.0	0.0	0.030044527340670736	0.004938766764910709	0.0	0.7	0.09624602057151828	0.04706293859848431	0.019871477255179692	0.01064124880239004	0.06484449314553674	0.00476286474672477	0.013320102045177433	0.0
0.0	0.007327981786742778	0.7	0.004555062212546806	0.0408285313532881	0.0	0.030034819536557306	0.10949065701552997	0.0453530331572666	0.0	0.034867740594025136	0.001411443659804947	0.0	0.011465080572446457	0.00973541685934531	0.0	0.0049302332524464925
0.005716191697936696	0.0	0.0	0.0	0.020124054554558107	0.056288100341851374	0.7	0.0	0.001295078989180677	0.0	0.013590421758511821	0.1010296067396753	0.01161645959713895	0.016604661583841093	0.03895852877475745	0.008574307285817926	0.02620258867673063
0.011797841000844115	0.014564371742509954	0.013680370054260264	0.7	0.014250226165303657	0.05793939030525282	0.03237225921056723	0.0	0.00755475865905314	0.0	0.0	0.0	0.0	0.06605779846436677	0.038006035037169664	0.041760855614926075	0.0020160937457463246
0.04006342445543047	0.008299881089822192	0.0	0.08002332364759561	0.7	0.02086675916765248	0.0062327060589290745	0.007802773966889858	0.012626465071712596	0.015515195941587834	0.042012521364308726	0.0	0.030685342713094428	0.0	0.0	0.035871606522976704	0.0
0.0	0.044852559040418814	0.0	0.0	0.02429228816001637	0.0324769072993635	0.002132766561001986	0.7	0.01745115142479951	0.0	0.0	0.03049025529469334	0.06010482051919371	0.028398021623713465	0.038790440426858815	0.011826828648779522	0.009183961001160932
0.046990021041276725	0.021922904005988737	0.0	0.05574094676464005	0.016251628368337795	0.026860290035882042	0.015358347279678474	0.022344522693541948	0.023553714717038297	0.7	0.011711766736180015	0.011759425822676813	0.0	0.047506432534759085	0.0	0.0	0.0
0.019495823171912556	0.01243566943602486	0.0	0.0085154019015818	0.005095425885006074	0.09363690926319564	0.03569693772418702	0.7	0.0	0.01687898061416043	0.0	0.0	0.0	0.0649423003111687	0.001796180007406522	0.0188292874749275	0.022677084210428907
0.01412228039848165	0.015408219452414225	0.004748668477015688	0.0	0.019720407081117972	0.039539397530782026	0.009051251839678405	0.042996375353082116	0.01474581190943962	0.7	0.03277347887821516	0.0	0.0	0.0	0.06350680158597252	0.0	0.043387307493800584
0.0007071091373351224	0.7	0.0	0.031432069493325464	0.0	0.022828543975127097	0.0013299128367920817	0.03159378812935038	0.03173752722335194	0.0	0.015986160591458867	0.02341090010635403	0.0	0.015768992839743066	0.03708271641277814	0.08812227925438382	0.0
0.009840667897612891	0.0	0.7	0.014980348701982768	0.029164946826085687	0.04402699826945904	0.008007154925932947	0.04582539578957006	0.07771733735857167	0.0	0.0	0.033576809469188874	0.019253992017180584	0.0	0.0	0.016401799916848838	0.0012045488275665866
0.0	0.007807346888742639	0.04894709393231094	0.0	0.03376721557713986	0.022605267931809458	0.04633739510218802	0.0	0.005548675451829582	0.0	0.0004452240242191878	0.024148644466491197	0.062243031123578714	0.0088970134211905	0.7	0.039253092080499874	0.0
0.0	0.05840169936379297	0.09236483254615525	0.0	0.0010763313492682686	0.024458380186901666	0.0010338779627880523	0.011824134548041291	0.02154047117649041	0.014989178060228453	0.7	0.0	0.0	0.016527781073355865	0.0	0.03396169281873845	0.02382162091423934
0.7	0.02626551119921276	0.03600939797002968	0.0	0.0015123052829615557	0.0333988002808388	0.024417242377943776	0.07002116875711628	0.01659008724787063	0.011233747262453391	0.0	0.0	0.0	0.021486579590185722	0.01532883712424973	0.043736322907137665	0.0
0.07239375869727997	0.0	0.0	0.035254351889448206	0.011158737635064076	0.034163950479494	0.0	0.01342917255478443	0.7	0.038420528451019294	0.0	0.022546285002074236	0.016098890980240605	0.0033725725878638074	0.0	0.04679135990295527	0.006370391819776112
0.014753947502424921	0.011666617992715867	0.7	0.0	0.0	0.020677522831795112	0.011506496902554123	0.0	0.004072033438089262	0.08271508969400371	0.006792037840239991	0.016901907541316777	0.0	0.07838014728941065	0.0	0.024204727600318072	0.028329471367131456
0.033953955299334586	0.0014933110312576907	0.018467748604835077	0.0	0.0	0.025212682193021436	0.003688069156335554	0.038123763514677535	0.019837732677314382	0.014489272292217683	0.0	0.07759960649262147	0.0	0.7	0.0	0.008427277844625493	0.058706580893759054
0.0	0.017697931618237774	0.0	0.02423154095654344	0.008923912915337687	0.05501569290583359	0.7	0.0	0.0	0.005777172807748179	0.05725001785184372	0.007612719211040575	0.0	0.05325202845881293	0.012830169137049298	0.02195509660025709	0.035453717537295745
0.0	0.015667363699990486	0.017509860179949467	0.0	0.0	0.07102574472372568	0.03725552898019942	0.014521542285503878	0.0977578689336282	0.0	0.0035379864217507566	0.7	0.009423777423217294	0.0035928741599872793	0.012323102024072118	0.0	0.01738435116797539
0.0	0.00980588973770932	0.009958564959113923	0.0	0.07817217215757626	0.0	0.018286067996446165	0.0	0.025236508108980555	0.0017810603535144344	0.0	0.02639091085896239	0.011068943318362175	0.7	0.05383959767374386	0.009605622003207259	0.055854662832383606
0.0	0.004621874721885256	0.0	0.018158317055512897	0.07601253773183698	0.037459439529640634	0.0	0.032248677816644346	0.7	0.004739455103720361	0.008481355694369322	0.001079118866378037	0.03474877568166457	0.0	0.015684985781600973	0.0	0.06676546201674666
0.0	0.03698381462850048	0.020585557258638625	0.032241142475022314	0.02255416298533039	0.0	0.0	0.7	0.0	0.030996723697363563	0.01906946118304983	0.02865126284250756	0.0014223305199764947	0.09007872328132553	0.012269142780597158	0.0	0.005147678347687998
0.0	0.0	0.0	0.0156491822659998	0.0	0.0012355509526484436	0.00548068713034803	0.1550583248904613	0.02384064651750638	0.04694293306332431	0.0031983819741787404	0.02385851076132999	0.7	0.012256236958595151	0.007668847324020639	0.0	0.004810698161587162
0.0	0.04367945919200684	0.011718577918582376	0.043463991754569414	0.0	0.034255465855538535	0.0	0.7	0.008993957335161453	0.020619840165641844	0.04260534326029881	0.024751760483102257	0.0071168435433990205	0.006479494889794191	0.0	0.0	0.05631526560190529
0.005546334195291544	0.0	0.04146002947425891	0.03522534450859519	0.015645921445981436	0.046717125345862254	0.008290508126988302	0.0	0.0	0.02925085197913894	0.01502687414332417	0.0	0.0	0.7	0.011827880570279435	0.006037114711677537	0.08497201549860224
0.005197241723909244	0.0	0.0224705034737594	0.07993437658838602	0.011823293882904819	0.004249542666986018	0.7	0.0	0.019734384545691194	0.0	0.0	0.018260173020168604	0.006030700855219308	0.07425966181331971	0.01760482112793075	0.04043530030172493	0.0
0.01755980178620735	0.02667855574079149	0.03461818364850948	0.0	0.7	0.008614910098593229	0.025851470601073526	0.0	0.004223658640041358	0.04302014950541211	0.010756103393653316	0.06501774714171674	0.0	0.0	0.0	0.06035894662576213	0.0033004728182392863
0.0	0.03828129977614192	0.0	0.0	0.05207434495318855	0.025695637583185618	0.017800289145913417	0.0	0.01400663860106813	0.05984051467116255	0.04891702639861228	0.002032831417757979	0.006849117306406864	0.03277217491555138	0.0017301252310113228	0.0	0.7
0.002065678140386302	0.0	0.01027001629248342	0.02031855879042407	0.01752298395647019	0.05349481176200505	0.013916929265652061	0.0	0.004711368076906883	0.0	0.0037890071825210747	0.046882508275177516	0.0	0.09482327668208143	0.0	0.7	0.03220486157589199
0.0	0.05398018433321016	0.03637090785952254	0.05351684463187953	0.7	0.010818584925687458	0.0	0.0021841363816266245	0.003318183394140487	0.0	0.04525396404725241	0.0	0.06753486852103599	0.011691379693985385	0.0	0.012278703344592615	0.003052242867066807
0.04204100756182761	0.006919919260525369	0.0	0.0	0.006505874937489891	0.03233886704349072	0.016871443718121052	0.0	0.0	0.0307817741340631	0.026336297312651646	0.0037206095701508637	0.0	0.05727584688447793	0.7	0.0018913317797490097	0.07531702779745275
0.026589283364731688	0.0	0.021698530488027435	0.09314480033783325	0.0	0.04507442872862263	0.01625647825968173	0.04044039787964734	0.005582079508966198	0.7	0.009553850506505935	0.0	0.011272491114704996	0.02482176660334821	0.0	0.0	0.00556589320793061
0.0	0.0031493557082146206	0.031290586294573555	0.015222496896163182	0.0	0.11424436285657918	0.0036624112402234696	0.0	0.015192871747580777	0.030176954305234434	0.008816417594293411	0.053757394912544304	0.00743991683805139	0.7	0.0	0.0	0.01704723160654166
0.015317229413216154	0.0	0.0025339884183151347	0.044879109895129464	0.0	0.7	0.021802602780256718	0.002359655745466548	0.0	0.019159076550770263	0.10688253294830198	0.07368469286885518	0.0	0.006533812933999086	0.0	0.0034714117745431065	0.0033758866711462907
0.029793667018417763	0.0	0.04215564181283835	0.03435519613904427	0.02171410923061388	0.0330271030263377	0.02706205698417877	0.002285557363146657	0.06596250041875847	0.02098663313163329	0.017129204949875545	0.0	0.0	0.0	0.7	0.0	0.00552832992515529
0.0	0.01545343881567068	0.05321039814467266	0.0	0.021830338642456062	0.00708117172100237	0.7	0.0	0.07212999818939814	0.00017748424742996337	0.0061995575990010186	0.0	0.0	0.05237702695894922	0.01835179646472693	0.027216084922515583	0.025972704294177428
0.05976783008680128	0.0	0.056756154599606916	0.0	0.029297934724848273	0.0425738631836081	0.02554255852142235	0.024550973332060997	0.0032131490108350644	0.022668394918414294	0.016625937057424885	0.0	0.7	0.008730830791020746	0.0	0.0	0.010272373773957079
0.0	0.0	0.028346871925475393	0.7	0.07516075554371487	0.04662712428040769	0.0030352697644869583	0.01928580857929239	0.0	0.0016529132802329122	0.06057339214666903	0.0002648238408450016	0.022348479671458987	0.008799099663140035	0.03390546130427669	0.0	0.0
0.004758313567667393	0.02185930673920247	0.03874881022992841	0.0179975136945659	0.021361115248210282	0.0	0.0	0.005987757977394178	0.016914659453154544	0.7	0.0002900458508572859	0.0	0.035321469981291646	0.0	0.0	0.07274417372226345	0.06401683353546446
0.7	0.0	0.022601282248655864	0.0252337036095991	0.0	0.028468249906509067	0.027466518153616278	0.0	0.003371063893138019	0.021110799554228885	0.11617799066057802	0.025040142007489274	0.005213301509142188	0.025197005687208465	0.00011994276983482135	0.0	0.0
0.031293634746859714	0.0635645688931084	0.10889638175370854	0.02930982021377768	0.0	0.0	0.0	0.7	0.006668184173259488	0.0	0.002510478810048796	0.004623136284563905	0.0008396759124747185	0.03764419597874484	0.002341172932825359	0.012308750300628557	0.0
0.006128090887201706	0.022486942229951786	0.019287387513169982	0.0	0.0	0.0044611890914571855	0.05321322178023036	0.0	0.02286146884251463	0.04355914467459943	0.052317500304471194	0.0	0.043322869121088875	0.7	0.006534502981343138	0.02582768257397171	0.0
0.06881452849334259	0.0	0.7	0.05361864095739057	0.07262591626309023	0.015921247800267154	0.010065773575907832	0.0	0.010037050459713362	0.0017260432172356073	0.03495395079080627	0.022328241701944064	0.0	0.0020524196792183987	0.0	0.0	0.007856187061083897
0.7	0.0	0.0	0.022090627702992267	0.0009610484974414259	0.018991843034066955	0.03155077287060268	0.02779089586493202	0.0	0.06870016087782031	0.01844485988327833	0.0	0.042669418571471225	0.0	0.00620720129521102	0.03438052577771186	0.028212645624471854
0.0	0.0	0.0	0.05098848604741648	0.013590157290221411	0.013122044105969106	0.01674682318006203	0.04201976779027772	0.0003957794660400934	0.036768639590290655	0.060744134402637526	0.0	0.004402703224779581	0.021870173271976965	0.03935129163032846	0.0	0.7
0.03443359834755219	0.0	0.03316722482542186	0.0	0.007655972421798535	0.03794267607627668	0.027056376951034387	0.027252317192981323	0.0	0.015912471350717945	0.0	0.038807695434609844	0.019786304980935605	0.7	0.008899847389067442	0.0	0.0490855150296041
0.09584999832236278	0.004157092139790137	0.0	0.001119045895622553	0.0009570223772958625	0.030873812428428692	0.0	0.0	0.018598447463147705	0.0018450999935223354	0.026417072456535583	0.0571038112144679	0.04893503132922074	0.0	0.7	0.0	0.014143566379605697
0.0011735626569278096	0.0	0.0036304442046390245	0.015141171456523106	0.017600580358636844	0.025619066078827798	0.02018088083139926	0.08343360848947648	0.0	0.014652961646742195	0.0	0.7	0.030277946113179247	0.0	0.0	0.06769474294940628	0.02059503521424195
0.0	0.014361802413502716	0.009711866721728702	0.06514437823264328	0.0	0.010293847268532136	0.0	0.0	0.06460595496623879	0.0390414811960979	0.0015096747987782347	0.0	0.0044387182210404805	0.034951889477855956	0.018157032889231522	0.037783353814350204	0.7
0.046928135009239196	0.0	0.04089862081312355	0.0061720959233811405	0.02616656054062101	0.02890557782037059	0.7	0.0	0.013652592830658589	0.0	0.06621853889482664	0.002295982790833947	0.025419220969937123	0.0	0.021171408919613388	0.02217126548739476	0.0
0.0	0.024298937368404685	0.03556016105162662	0.0187316794214646	0.0	0.018551595004155735	0.0	0.04651552432454995	0.007170689765607807	0.01036090093621637	0.028565323244122358	0.009653429146395541	0.039848987955924814	0.7	0.0	0.0	0.06074277178153155
0.0	0.01855777078413461	0.003273695089719753	0.0	0.009095887175763527	0.7	0.020096222383392422	0.03319299236225519	0.09974903620064125	0.05595986611909376	0.0	0.014195321147738027	0.0	0.0032042468034347432	0.0	0.00429898898915655	0.03837597294467018
0.0191073205673564	0.0	0.041168334912958404	0.012936250065893596	0.020394768660899208	0.062180867661022626	0.025805370645705285	0.013292121440677528	0.07307082877314469	0.0	0.0016916638948201268	0.011306251893210393	0.0	0.7	0.0	0.01904622148431177	0.0
0.0	0.7	0.011996112166979843	0.008140673231740971	0.06644913084735356	0.0	0.0	0.0259267911698984	0.00893524487011854	0.0	0.012373772483880477	0.0028594009937050915	0.014023833348001767	0.06654619154727323	0.0	0.06559309507067221	0.017155754270375904
0.0	0.0	0.006140328649575984	0.034356385844900736	0.020915500198529335	0.025782659230605628	0.0	0.0	0.7	0.02163808765118841	0.003610782288552898	0.0102638293579881	0.018347588557436397	0.011751494452072145	0.011474271672622728	0.13571907209652764	0.0
0.016845624015808507	0.00784345431372576	0.0	0.0	0.7	0.04255342477141706	0.0	0.04591879435518352	0.01259305890084607	0.002083703160090612	0.03231183300939096	0.045826733391780644	0.011780788599506988	0.0	0.0	0.03278181786678201	0.049460767615467936
0.7	0.011576726102634617	0.0	0.0	0.01684612166578553	0.03314328619701236	0.007530945776167364	0.016376312561454737	0.03426118971715806	0.08463394863002294	0.01058723053865382	0.01762309981810906	0.0	0.0	0.04396674033043298	0.0	0.023454398662568557
0.010954975654101761	0.03927606128625351	0.04157694698962171	0.025291460555227577	0.0	0.0	0.08051851816773158	0.011126679468895284	0.010325102222623195	0.011271885228128543	0.023070053266066343	0.032422154001228984	0.0	0.7	0.0	0.01416616316012147	0.0
0.0	0.1055889167449545	0.000935520887325194	0.027004660928691613	0.0	0.026174767382471705	0.012675517777514115	0.008610282810000872	0.06263089436895256	0.009164885856783444	0.0	0.001824177703019705	0.0	0.004483369599703259	0.7	0.0	0.040907005940582976
0.007646096725522088	0.024236657627587734	0.0	0.029917078898096732	0.0	0.0	0.0	0.00821083270061502	0.010551264702696737	0.08408241340943856	0.04387773745946382	0.03126826098728035	0.7	0.011461771195981605	0.02989287754764819	0.0	0.018855008745669147
0.015465658135685388	0.03806487701388938	0.01728583379669334	0.1313822145949882	0.7	0.0	0.024343838330830952	2.035071152482818e-05	5.676048257731065e-05	0.0193880761917186	0.024234542921100208	0.02545599079423878	0.004301857026752988	0.0	0.0	0.0	0.0
0.0	0.01578196021645102	0.0	0.016943063805558926	0.04887925800785523	0.7	0.0	0.003761463931596196	0.010664175850413562	0.005549588472682681	0.03241060022983046	0.02375054827697513	0.029850824395618772	0.0	0.09426919670226776	0.0	0.018139320110750225
0.024644352978444254	0.7	0.002982687118702814	0.0	0.02303324176008647	0.02907870026238548	0.0	0.015304288996475878	0.0	0.012514662904832548	0.0	0.08306775303460948	0.0	0.028411271480731814	0.035649728941150136	0.01650076582278809	0.02881254669979303
0.01187895682176622	0.0	0.027153506366829467	0.010173716531061758	0.7	0.0	0.002314552232399079	0.0	0.0	0.11011417306225245	0.035553127852295474	0.016118383266390916	0.02233406164274117	0.027993680217675187	0.011859893309347832	0.0245059486972405	0.0
0.0	0.05849187923403748	0.05359846227264322	0.033716438368021066	0.0	0.008715646288952316	0.0	0.0	0.04296329912428769	0.0	0.7	0.014605566337481071	0.005838844139290409	0.03136607033442737	0.001050356649475941	0.014038112190689492	0.035615325060693925
0.0010267083882994552	0.029533924225533515	0.07406178294974744	0.0	0.0	0.01535486732454525	0.004725878634310017	0.07140520106719817	0.014022829540376997	0.0	0.7	0.033556275312324246	0.0	0.01810825864400672	0.015496489723263044	0.02270778419039513	0.0
0.09402429394938115	0.0024606544494546185	0.005433064374631641	0.0	0.008789096324624827	0.0	0.01724416628594126	0.0381175348224455	0.0	0.0	0.019051817626126063	0.05684982565773234	0.0318121015466632	0.016979855999389976	0.7	0.009237588963609376	0.0
0.006721384070627125	0.0	0.029693190781846082	0.020275189894698738	0.05394325159889169	0.0	0.01432734339396169	0.03034335250700665	0.02274501254858237	0.11088285977312133	0.0012887850916166244	0.7	0.00694715415728736	0.0028324761823603157	0.0	0.0	0.0
0.0	0.02816015583859067	0.0	0.032267218015031934	0.028587679561384506	0.0038431480554301962	0.011223945896632255	0.7	0.0004012440029069958	0.08502517238486922	0.0	0.015160394866786154	0.0	0.037968453362150247	0.01127039041989712	0.04609219759632067	0.0
0.04618383643009739	0.0	0.021726359465335698	0.0	0.7	0.011332539424587606	0.04194839249068423	0.0	6.490971092493198e-06	0.016345433116255314	0.0	0.03562133923227191	0.0	0.048963903925117715	0.00487706539764525	0.009818833004202334	0.06317580654271011
0.0	0.01581040468839177	0.045593258070728886	0.01663047575538997	0.008984845174998061	0.0	0.00014968883050134728	0.0	0.0682278297943707	0.006433392630110669	0.7	0.0035470603527481795	0.0	0.032170964974820034	0.06593240782382641	0.03651967190411398	0.0
0.00498715019074895	0.03551829020225971	0.03335506240216752	0.0	0.035641286010377214	0.0	0.055568469966704837	0.009281288168275208	0.02687705904863232	0.7	0.0061842354026347916	0.056853410311806366	0.0007325436155801694	0.0	0.0	0.0	0.03500120468081286
0.004275311550400786	0.016649870115457103	0.03408566577991313	0.0009839193903656213	0.027084063032049632	0.019207915175700384	0.005987353903036435	0.0	0.08038230407618503	0.7	0.032389391215259446	0.0	0.0	0.0	0.0	0.017968969319193243	0.06098523644243916
0.0	0.049099651270993076	0.04235054706481875	0.0022249667588383213	0.01462238903716433	0.0	0.013067615031531135	0.009113256485992047	0.0	0.7	0.0	0.0654893228794846	0.009220154516504783	0.030878582781406372	0.030916685689702374	0.0	0.03301682848356413
0.0	0.025923934136280823	0.016701487796890176	0.7	0.016415195157791582	0.0025551243992673893	0.0	0.0032508203799493317	0.027952535163065475	0.0	0.0361659257518002	0.018233838632813824	0.055981959519805044	0.0	0.0038917595652163553	0.0	0.09292741949711984
0.0	0.01623199928800999	0.7	0.0	0.01837269260597201	0.05203257629319994	0.04041102572357375	0.012549966803599637	0.032227445166305324	0.0	0.0	0.020434309934406463	0.011436488140642012	0.049084557578978005	0.015848170074966292	0.03137076839034657	0.0
0.0	0.0	0.036739135358130975	0.0329684984698582	0.005177758164625833	0.0	0.027294684832731363	0.013537687285435869	0.03295234499207194	0.023024060870013043	0.015136121936826542	0.0	0.7	0.0	0.08929289527744755	0.018602474831729405	0.005274337981129224
0.033867590025652435	0.014984797201314865	0.0	0.0	0.0	0.027903130253274715	0.01346825947491169	0.04146646443542507	0.051522213785342164	0.07742202505664315	0.006173508720549214	0.7	0.003791416928232767	0.019345003731800398	0.010055590386853509	0.0	0.0
0.7	0.0	0.023306781726813053	0.0	0.007921534408722035	0.0	0.008743043058570111	0.0371240288071325	0.010404269305289692	0.05436052860551536	0.03722393159571013	0.0	0.02495195080757266	0.013754583581074094	0.021219996842881686	0.0	0.06098935126071873
0.007811973760251258	0.0	0.023338616547892804	0.0	0.014315676946441262	0.14515710544418917	0.0	0.0	0.05686361778518207	0.002211796080706	0.014897176376715806	0.004270882037551366	0.010186467309941208	0.7	0.0	0.0014825878021246192	0.01946409990900443
0.0	0.07957824431700398	0.002265063998655265	0.08515172364218539	0.0010549142411136506	0.0	0.023754381844327117	0.011895283722964648	0.0	0.012416261014691576	0.0	0.0	0.0028918320712848005	0.02549773511067951	0.007063673380954159	0.04843088665613989	0.7
0.033656705110533584	0.002834776006117942	0.004179757849788872	0.04818860457322286	0.0	0.0004198791357667573	0.025057257282300828	0.0	0.0	0.02066936189958125	0.0	0.7	0.13167011609143783	0.014707859509085701	0.0	0.0022058172999062133	0.016409865242258133
0.012186644567172066	0.7	0.017524708780101053	0.05998539367001443	0.025499587606841397	0.004115537134675666	0.0	0.03725018382308466	0.045396752576269794	0.03064829319691393	0.0	0.02962525517804741	0.0	0.02285385468023197	0.0	0.014913788786647647	0.0
0.004288586328783461	0.041253391890465674	0.08791495248852076	0.019318233035042428	0.0	0.008176396902948921	0.01053425944089286	0.0	0.008713230938710459	0.01836741958481416	0.0003430078519846986	0.0650243798600593	0.0	0.03606614167777729	0.0	0.0	0.7
0.02138757785296915	0.0	0.0019362645731798717	0.005897766785271545	0.010327019163837152	0.016798324669990265	0.0	0.7	0.01603979246567618	0.0	0.10371298333189959	0.0	0.013944324755728614	0.0	0.06983924670433073	0.019287039753832932	0.020829659943283983
0.014657428457548746	0.01899723659318032	0.004211833631022662	0.0	0.0	0.015145872707593917	0.01976819116128798	0.0262734943144881	0.0	0.06835857792797027	0.02594773150665837	0.0	0.030054974422140775	0.02885800173921441	0.0	0.04772665753889446	0.7
0.0	0.0	0.0	0.7	0.05168835701052755	0.016899076437906255	0.004009316644091526	0.0031975132350473712	0.033104626908770196	0.06083690996745343	0.0027776956800265556	0.07288037793224726	0.009085540116104285	0.0	0.0	0.03934835942627273	0.006172226641552765
0.0	0.0	0.0063969540542990954	0.02908242397299924	0.7	0.0	0.014252161546112037	0.007184480720094855	0.03876449177927575	0.0605540148770447	0.029964871852486134	0.0	0.03582127510829637	0.0	0.010517428805267829	0.0036585421870372523	0.0638033550970867
0.022888820597236507	0.002895366375500877	0.004901782379488363	0.025812754084608817	0.7	0.0	0.0	0.12121598203031347	0.06040619846983918	0.0	0.0	0.018647402607362855	0.011688208341815385	0.0023174387416471307	0.0237248834456306	0.005501162926556711	0.0
0.024065582244460683	0.0	0.0	0.018014185494634266	0.002601511503179354	0.01009925886682637	0.019981244628748677	0.015388314519442075	0.0	0.06335129824874541	0.0196842982218067	0.01551020252552344	0.04087290044243312	0.0	0.7	0.07043120330419989	0.0
0.017673623891194472	0.0	0.7	0.06734636760842284	0.007741358147584473	0.031449396840943535	0.0	0.0	0.01118149446258976	0.0021131609254715143	0.00950522036977701	0.0	0.0056231747452990186	0.0	0.01816948462157235	0.09600806546781358	0.03318865291933138
0.06303302363705295	0.0014486116617615265	0.7	0.0	0.0	0.008924324873423206	0.007274690994661846	0.0	0.07973587720796181	0.0068187275022864756	0.0	0.0	0.03031946930104884	0.07396366186955322	0.006349997700946813	0.0018966166508342579	0.02023499860046898
0.0907073304016917	0.03874909587537566	0.0005316152321178436	0.000724659552767023	0.0	0.03624093018533466	0.0324717609521725	0.011981848146506373	0.0	0.027911091647044466	0.012835993637083725	0.0	0.0018116129605191542	0.7	0.0	0.0	0.04603406140938688
0.7	0.03152922946132972	0.039862264207142256	0.0	0.005408065965520142	0.0	0.0	0.02495094019291307	0.04698573853093468	0.044444338017448216	0.0	0.03366493242519417	0.0	0.01109254255398852	0.018266527175578667	0.04287906296857747	0.0009163585013731171
0.7	0.0	0.0	0.02484815173244242	0.0	0.021757435226971964	0.028104455220337426	0.007012138398566545	0.020003991747658777	0.0	0.0	0.005068894545440024	0.010200234889331727	0.0009301817953892436	0.00024181082420204918	0.04481036221980161	0.13702234339985825
0.0	0.7	0.0	0.0	0.0	0.05224921747535786	0.02121054709950985	0.023927497774444015	0.03522589090583203	0.059735540076587164	0.0	0.015394740190170685	0.00601757458014869	0.004741212698866436	0.023977792448037227	0.05632580299730344	0.001194183753742629
0.004208518963627406	0.0	0.04273679937463586	0.0	0.7	0.0	0.0	0.009399653648663112	0.07872363273728297	0.000873864859260368	0.03535450327506454	0.04236992325293848	0.03595738616052394	0.013392045232849441	0.018288376982609007	0.018695295512544858	0.0
0.020532663173468878	0.031233359994900945	0.03454168569469925	0.03485689948801726	0.03365100426092066	0.007846857936090948	0.0037541218822681258	0.0	0.05719311498860187	0.0	0.0	0.0038520320031805396	0.05653506399479222	0.0	0.0	0.7	0.016003196583059282
0.0016239145559156698	0.028214869736654602	0.004824287900613429	0.0	0.0012530674975212682	0.01742261062247034	0.0	0.07335834153496237	0.0	0.06544100276917779	0.016395001261939726	0.7	0.023809199638337372	0.03857445440707082	0.0	0.0	0.029083250075336606
0.000990222361509015	0.0008115260820161242	0.0	0.0	0.003180830255092105	0.012946927964428057	0.07016224990259419	0.0576209948097639	0.0	0.02250010630697415	0.0	0.005013777569741414	0.7	0.0	0.024739075994393036	0.05446713980171405	0.04756714895177394
0.0	0.011561878896602722	0.011754766335938032	0.08628052194948435	0.0	0.01707244886694932	0.0071851723544422656	0.0	0.03382976189094568	0.7	0.02788905533742218	0.0020618759664254357	0.03065367345257601	0.06354869727332225	0.00816214767589171	0.0	0.0
0.004871902954308133	0.0	0.06236660465366644	0.020583300814967582	0.003613119598289388	0.013407696648432882	0.7	0.0	0.019984516000436884	0.05519258904316868	0.0	0.014354116838597332	0.03427050546747846	0.0	0.010394180248293283	0.06096146773236084	0.0
0.0	0.0	0.0	0.03869554303662145	0.018170336250437232	0.03310800033348757	0.7	0.0011940725635226908	0.0	0.054300860492580906	0.003496938765909044	0.0	0.022462065952882807	0.016910256735652836	0.00770697932701012	0.013098688103258678	0.09085625843863666
0.011085416636540361	0.0	0.0	0.09273077361787493	0.005080261844190242	0.052953218691392294	0.019991894939212027	0.0013407757211672084	0.032553770961048244	0.7	0.0	0.01768795066289609	0.04170417202504076	0.0	0.006541172191789328	0.01833059270884851	0.0
0.0	0.0	0.0694307056569395	0.006256137404405821	0.0156997033787327	0.007086544975117796	0.0	0.02481945976158279	0.02307366937285744	0.0007077588278397922	0.0714690856592456	0.03571328663507664	0.010389294802656521	0.03535435352554536	0.0	0.0	0.7
0.0	0.0	0.0	0.008054327315696557	0.0	0.011975128462409538	0.003175637298924921	0.10872545099392616	0.016408820601952236	0.06797308489084965	0.002520195519634708	0.7	0.01641230931853791	0.05066940177836316	0.012807326543782104	0.0	0.0012783172759230426
0.029624054245784594	0.06703624848586474	0.03062155582785376	0.0	0.0	0.027132942482762434	0.008097230508807679	0.7	0.0	0.03770427156725413	0.016911350511536277	0.028482076562202197	0.0	0.005370313493130032	0.0	0.002035825594130226	0.04698413072067386
0.06971404694272793	0.020489959100738135	0.009125898994845082	0.0	0.023482855884310753	0.060406924721872465	0.00487280013450732	0.018513056223484054	0.024963372312258703	0.004752744606270743	0.7	0.0	0.04398807518173522	0.0	0.0	0.0	0.01969026589724961
0.06885465908476326	0.7	0.018009790293736474	0.06417351376655014	0.0	0.001648389381567648	0.03995921352689369	0.0	0.004674226630991412	0.01773448220867792	0.0027773747949014762	0.0	0.004674524910272954	0.0	0.043731452240398046	0.0	0.03376237316124701
0.0	0.0	0.009156876887320373	0.004686979198599491	0.1413042033672911	0.01620333161775892	0.005261591235524639	0.06309343722253727	0.0	0.005283963651921323	0.00566740644941133	0.0	0.012013257329698013	0.03507989337283654	0.7	0.0	0.002249059667101034
0.01145151613985233	0.0	0.0	0.06786228024757579	0.026517794528375684	0.05346679657257283	0.0005757958494683495	0.05939638376098853	0.0	0.006668242825460474	0.0	0.7	0.017053179500429654	0.023534125502916583	0.008140032218439137	0.0	0.02533385285392056
0.0	0.010260240695347056	0.0	0.03928376996336154	0.040887984386099516	0.0	0.003034301330947953	0.03120507401969335	0.03570492632590677	0.02583782794890845	0.0	0.0	0.7	0.06908705306646466	0.00696856890012805	0.02042147706390859	0.017308776299234063
0.0673422236164988	0.007638765497814276	0.029715076910618123	0.0	0.0	2.474240301232912e-05	0.0	0.0038876486997561923	0.05852422099077002	0.008405326824295876	0.049156448865559345	0.0	0.009896062606609518	0.0	0.04643212090424872	0.018977362680816807	0.7
0.0341462647496159	0.0359034078657226	0.0	0.0499443849966888	0.006971927769304641	0.05255405987981585	0.006250331312686713	0.0	0.0	0.013002925146485936	0.0	0.041629801956670084	0.7	0.014922927164265506	0.035535057093897635	0.0091389120648463	0.0
0.013166324668936934	0.019025565988631556	0.0	0.013426144151867884	0.0	0.0	0.0122625590798485	0.7	0.004112847169829834	0.02861092950625036	0.010406735038708563	0.02584775213562945	0.13271730066112145	0.0	0.025842271582991908	0.0	0.014581570016183633
0.042141501468493624	0.7	0.0	0.017456703520545562	0.04166958061889899	0.023894580381086692	0.02621519662146184	0.0018069792661375126	0.0	0.061090457199666125	0.0	0.01876508076298387	0.007396711827040879	0.015776317176333605	0.0	0.043786891157351265	0.0
0.0007668522424987474	0.0797999520702143	0.0	0.022429020288036883	0.034550750466077605	0.003644747851659814	0.0	0.0046021245600887705	0.0	0.7	0.0	0.007387684746868495	0.007168959119006479	0.008062722781970285	0.0	0.08235126646694584	0.04923591940663285
0.013960857101213125	0.0	0.0	0.0015434258391129572	0.05150500205644871	0.02443953301017646	0.034276093508677954	0.002287988802415582	0.0	0.04530973236286797	0.7	0.005743743143673474	0.0	0.08994208319160785	0.012269558104516883	0.0	0.018721982879288997
0.7	0.010978784429874855	0.0	0.022746307090518583	0.0	0.009908266805622205	0.04545611151177703	0.0	0.016102530176796206	0.06131590057390222	0.018563519671258893	0.019996632036291068	0.05533122856206565	0.03213125333290409	0.0074694658089892235	0.0	0.0
0.0	0.01055814787727114	0.0	0.04029910616357398	0.0	0.026995958942111067	0.039652883031055526	0.0018174478568729478	0.01769014560801156	0.013120133730244326	0.06567319392230714	0.032384848604381095	0.010945436372802325	0.04086269789136895	0.7	0.0	0.0
0.035612504133652134	0.002130179775067744	0.05518772639044815	0.0	0.0	0.0	0.004947388125405101	0.006986797077273491	0.003054809586102701	0.009534795304292925	0.7	0.09564285043513507	0.014994613510096785	0.049582913971418494	0.0	0.0	0.022325421691107433
0.003729102950527495	0.011696193540460115	0.7	0.013805757990104776	0.018658157371603225	0.0	0.03144639709198699	0.004587922900818639	0.026065827556331373	0.05406703919911084	0.07230514645682196	0.03842615672876274	0.025212298213471814	0.0	0.0	0.0	0.0
0.0007488370464077475	0.004911803939472057	0.019513857055720424	0.0	0.01768382999472944	0.0006997935608484713	0.013782665813882372	0.010251395660384395	0.017423401833733358	0.010052273877300615	0.0	0.0	0.7	0.0	0.0	0.13019261974897137	0.07473952146854976
0.0	0.7	0.03240466835728688	0.005456844689066108	0.00085148988598297	0.0	0.05983233832485036	0.028393965215038133	0.058410608060306506	0.0	0.017480651537741986	0.0	0.02962315912103348	0.014524083850118464	0.04566886385366567	0.007353327104909407	0.0
0.00025937108461395527	0.007144955545197392	0.0	0.0013170463542483502	0.0	0.0	0.03270709683891401	0.00864588082249725	0.7	0.027759509928645176	0.0051298089915740785	0.06421956115477419	0.0	0.09840227045840357	0.035483463826244406	0.0	0.018931034994887637
0.01913872368424599	0.0	0.7	0.0	0.0038046160957037676	0.04332558220811988	0.0216561729088127	0.0	0.05260765372271493	0.0007118302359027927	0.0	0.05900210873658758	0.07518766312640136	0.013861546268841793	0.00047630883700658513	0.010227794175662573	0.0
0.09982554862374789	0.029741475534856406	0.0008313578656509916	0.0014773227647021743	0.00438890301104853	0.0	0.0	0.021729045692983423	0.01672277085562065	0.054986206445706315	0.06307278552799812	0.0006774419565007461	0.006547141721184757	0.7	0.0	0.0	0.0
0.015359324166593635	0.0	0.7	0.009476736537874357	0.0	0.0	0.014616714213329787	0.011190509694634962	0.01796056287520756	0.057408734009744236	0.040314168650701726	0.053587633471603655	0.060923789431618	0.0	0.013124684842397434	0.0	0.006037142106294621
0.0	0.7	0.0	0.0	0.0011486889854149477	0.06012839785499431	0.08682634035544155	0.0033192916073367306	0.028671142433826693	0.0	0.03029230472279172	0.004134435788441097	0.02412198104510468	0.0036584282000699585	0.0111696221033831	0.0	0.04652936690319519
0.012076988223444657	0.0	0.022475200904823172	0.0	0.04228893772122476	0.03478401587926411	0.0021310460145824058	0.07540797836901825	0.0	0.0	0.030289567925091857	0.0	0.0065634462394009606	0.03846298684160387	0.024514255617656227	0.7	0.011005576263889713
0.7	0.0	0.001610739515071826	0.0013480823779421537	0.012219065720482007	0.008140568964254838	0.0004569070719525433	0.0	0.0	0.0	0.0487286176181113	0.011766317948569667	0.07323129322338892	0.0800190795133104	0.032202866454164036	0.0	0.030276461592752286
0.02728635715672629	0.006767318141452336	0.0	0.0	0.02593623482641016	0.028298911256246576	0.025872497974437855	0.0	0.004436065580353114	0.0	0.0075802674172671895	0.7	0.0012485452368931843	0.04993634275312427	0.0	0.042774163812265543	0.07986329584482345
0.0	0.009950346758382312	0.10915166051981061	0.0017618777188208247	0.0	0.03218064351879167	0.018504351871343198	0.005978004729374225	0.0	0.017245982985983503	0.017914472160593553	0.0	0.03422832578742882	0.04459193365396177	0.008492400295509496	0.0	0.7
0.7	0.015845278963584116	0.0024138999615036013	0.0	0.012246431870364945	0.00967757895954235	0.12071605027638618	0.027803975412461122	0.06305000818798567	0.03626064948214688	0.006648262355193372	0.0	0.0	0.0030930023762015925	0.0	0.0022448621546301414	0.0
0.03211385137854823	0.033657308614121494	0.014578671753489472	0.021213608394066545	0.002671797479971869	0.0	0.04574240932602006	0.0	0.015471313513342771	0.068439122589089	0.031241467661090254	0.0	0.0	0.7	0.015716317901296566	0.0	0.019154131388963682
0.0	0.11311526779794517	0.02953742914846261	0.0008331906486615818	0.006643813637759529	0.0026233241143454817	0.7	0.002616386203071623	0.0	0.007156571902114265	0.0	0.0	0.0006773945377876797	0.02287254467995273	0.004707699840757166	0.0	0.10921637748914217
0.00918342257500896	0.07055707786245743	0.0060777235381146025	0.0	0.0	0.032670204177263795	0.047187321094311216	0.02195207918417832	0.016956265185235908	0.006911034978202173	0.0010212918256409709	0.0	0.021916553960789318	0.0	0.0	0.06556702561879732	0.7
0.0	0.04145313273587685	0.019839467362541757	0.016989546752976297	0.03469596437822362	0.0	0.7	0.0	0.0	0.010078249098285226	0.009673750723084908	0.029579385233994768	0.0	0.07973267990953055	0.003812773111145324	0.002503751503675252	0.051641299190665374
0.03449796466826556	0.040538523034745234	0.0009897707037127433	0.0	0.0195265011764586	0.044814467541149976	0.0	0.011340113429052962	0.0	0.0	0.0	0.007283552201158313	0.08256604576137734	0.006414937317993775	0.051248414445964965	0.7	0.0007797097201205729
0.033264418617412125	0.0	0.07432291144052242	0.0	0.0	0.012482709204450056	0.041157842798521714	0.008598259874483673	0.0	0.03486962654738468	0.02029549299028967	0.008093583098296659	0.0	0.020315945973047693	0.04393124343121911	0.7	0.0026679660243722615
0.03602975194699174	0.008793781198376528	0.023153148595571885	0.0	0.0	0.07540563390353071	0.026165255595170772	0.0	0.0038574925071052047	0.0	0.0	0.006581582249071957	0.0124927885852718	0.0817282065345298	0.02026663275834391	0.7	0.005525726126035771
0.010599351724016583	0.052447921461483214	0.0	0.00019206616954257026	0.014128994567809233	0.005579978268075035	0.0	0.018889614574974564	0.030660449332082847	0.7	0.0	0.003007049078611116	0.028079680631758103	0.13288357259638542	0.0	0.003531321595261321	0.0
0.99
[6, 4, 8]
